+0.0000000000e+00 +0.0000000000e+00 +9.2852336760e-01 +7.0878261246e-33 +4.6426168380e-01 -2.5000000000e-01 +0.0000000000e+00 
+5.4738143480e-02 +5.0076109640e-02 +9.0113713807e-01 +1.3705366372e-03 +4.5056856904e-01 -2.4999061654e-01 +2.5038054820e-02 
+1.1611119270e-01 +1.0443936001e-01 +8.7043038422e-01 +6.1120793994e-03 +4.3521519211e-01 -2.4993317483e-01 +5.2219680006e-02 
+1.8455639788e-01 +1.6284451908e-01 +8.3619490572e-01 +1.5259229372e-02 +4.1809745286e-01 -2.4975026058e-01 +8.1422259539e-02 
+2.6051787932e-01 +2.2492147305e-01 +7.9823751447e-01 +2.9986868978e-02 +3.9911875723e-01 -2.4932090462e-01 +1.1246073653e-01 
+3.4444642107e-01 +2.9016050293e-01 +7.5639523656e-01 +5.1601908542e-02 +3.7819761828e-01 -2.4846743954e-01 +1.4508025146e-01 
+4.3679927948e-01 +3.5789917120e-01 +7.1055812987e-01 +8.1526990205e-02 +3.5527906494e-01 -2.4694187866e-01 +1.7894958560e-01 
+5.3804000487e-01 +4.2731284408e-01 +6.6070175808e-01 +1.2127470721e-01 +3.3035087904e-01 -2.4441413945e-01 +2.1365642204e-01 
+6.4863827505e-01 +4.9741183209e-01 +6.0693087120e-01 +1.7241118200e-01 +3.0346543560e-01 -2.4046620177e-01 +2.4870591605e-01 
+7.6906973945e-01 +5.6704923265e-01 +5.4953435839e-01 +2.3650848441e-01 +2.7476717919e-01 -2.3459856105e-01 +2.8352461633e-01 
+8.9981587271e-01 +6.3494457900e-01 +4.8904849920e-01 +3.1508650595e-01 +2.4452424960e-01 -2.2625763683e-01 +3.1747228950e-01 
+1.0413638371e+00 +6.9972888503e-01 +4.2632045446e-01 +4.0954666192e-01 +2.1316022723e-01 -2.1489393138e-01 +3.4986444251e-01 
+1.1942063525e+00 +7.6001587975e-01 +3.6255683598e-01 +5.2110219281e-01 +1.8127841799e-01 -2.0005854675e-01 +3.8000793988e-01 
+1.3588415741e+00 +8.1450118167e-01 +2.9933436081e-01 +6.5071267545e-01 +1.4966718041e-01 -1.8153728765e-01 +4.0725059084e-01 
+1.5357729758e+00 +8.6208500412e-01 +2.3854441010e-01 +7.9903304742e-01 +1.1927220505e-01 -1.5950479489e-01 +4.3104250206e-01 
+1.7255092406e+00 +9.0200464878e-01 +1.8224646735e-01 +9.6638893812e-01 +9.1123233675e-02 -1.3465738842e-01 +4.5100232439e-01 
+1.9285641555e+00 +9.3395226769e-01 +1.3242327531e-01 +1.1527889759e+00 +6.6211637656e-02 -1.0826133638e-01 +4.6697613385e-01 
+2.1454565127e+00 +9.5814540881e-01 +9.0665647076e-02 +1.3579797384e+00 +4.5332823538e-02 -8.2050399742e-02 +4.7907270441e-01 
+2.3767100141e+00 +9.7531888083e-01 +5.7859429608e-02 +1.5815399318e+00 +2.8929714804e-02 -5.7941769354e-02 +4.8765944041e-01 
+2.6228531815e+00 +9.8662165466e-01 +3.3979591924e-02 +1.8229990607e+00 +1.6989795962e-02 -3.7616809722e-02 +4.9331082733e-01 
+2.8844192701e+00 +9.9343124914e-01 +1.8088277565e-02 +2.0819564072e+00 +9.0441387826e-03 -2.2103090997e-02 +4.9671562457e-01 
+3.1619461854e+00 +9.9713036024e-01 +8.5693970742e-03 +2.3581736189e+00 +4.2846985371e-03 -1.1536824226e-02 +4.9856518012e-01 
+3.4559764050e+00 +9.9890937550e-01 +3.5315037328e-03 +2.6516216198e+00 +1.7657518664e-03 -5.2271207075e-03 +4.9945468775e-01 
+3.7670569022e+00 +9.9964982570e-01 +1.2290016697e-03 +2.9624780148e+00 +6.1450083485e-04 -1.9955017097e-03 +4.9982491285e-01 
+4.0957390734e+00 +9.9990878727e-01 +3.4675505557e-04 +3.2910876479e+00 +1.7337752779e-04 -6.1620492666e-04 +4.9995439363e-01 
+4.4425786682e+00 +9.9998186255e-01 +7.4622918561e-05 +3.6379082793e+00 +3.7311459281e-05 -1.4480430941e-04 +4.9999093127e-01 
+4.8081357226e+00 +9.9999751909e-01 +1.1035627604e-05 +4.0034615650e+00 +5.5178138021e-06 -2.3330807509e-05 +4.9999875955e-01 
+5.1929744938e+00 +9.9999981425e-01 +8.9228667844e-07 +4.3882998231e+00 +4.4614333922e-07 -2.0506833268e-06 +4.9999990713e-01 
+5.5976633983e+00 +9.9999999746e-01 +1.3143041607e-08 +4.7929886896e+00 +6.5715208033e-09 -3.2765483327e-08 +4.9999999873e-01 
+6.0227749521e+00 +1.0000000001e+00 -6.5638502164e-10 +5.2181002429e+00 -3.2819251082e-10 +1.7713384987e-09 +5.0000000006e-01 
+6.4688857122e+00 +9.9999999999e-01 +7.3966562759e-11 +5.6642110030e+00 +3.6983281379e-11 -2.1563984950e-10 +4.9999999999e-01 
+6.9365762213e+00 +1.0000000000e+00 -1.2805295874e-11 +6.1319015121e+00 -6.4026479368e-12 +4.0252834927e-11 +5.0000000000e-01 
+7.4264309536e+00 +1.0000000000e+00 +2.9573515161e-12 +6.6217562444e+00 +1.4786757581e-12 -1.0005037344e-11 +5.0000000000e-01 
+7.9390382624e+00 +1.0000000000e+00 -8.4563017384e-13 +7.1343635531e+00 -4.2281508692e-13 +3.0734709870e-12 +5.0000000000e-01 
+8.4749903299e+00 +1.0000000000e+00 +2.8581035234e-13 +7.6703156207e+00 +1.4290517617e-13 -1.1141134180e-12 +5.0000000000e-01 
+9.0348831184e+00 +1.0000000000e+00 -1.1059488841e-13 +8.2302084092e+00 -5.5297444206e-14 +4.6165980616e-13 +5.0000000000e-01 
+9.6193163225e+00 +1.0000000000e+00 +4.7889817908e-14 +8.8146416133e+00 +2.3944908954e-14 -2.1373032615e-13 +5.0000000000e-01 
+1.0228893324e+01 +1.0000000000e+00 -2.2784975047e-14 +9.4242186143e+00 -1.1392487523e-14 +1.0858653831e-13 +5.0000000000e-01 
+1.0864221145e+01 +1.0000000000e+00 +1.1749416636e-14 +1.0059546436e+01 +5.8747083180e-15 -5.9652012634e-14 +5.0000000000e-01 
+1.1525910410e+01 +1.0000000000e+00 -6.4958545093e-15 +1.0721235700e+01 -3.2479272546e-15 +3.5154860542e-14 +5.0000000000e-01 
+1.2214575297e+01 +1.0000000000e+00 +3.8212931475e-15 +1.1409900587e+01 +1.9106465738e-15 -2.1966820918e-14 +5.0000000000e-01 
+1.2930833502e+01 +1.0000000000e+00 -2.3576749356e-15 +1.2126158792e+01 -1.1788374678e-15 +1.4405792627e-14 +5.0000000000e-01 
+1.3675306197e+01 +1.0000000000e+00 +1.5208841982e-15 +1.2870631488e+01 +7.6044209909e-16 -9.8428811767e-15 +5.0000000000e-01 
+1.4448617995e+01 +1.0000000000e+00 -1.0202346593e-15 +1.3643943285e+01 -5.1011732967e-16 +6.9600119150e-15 +5.0000000000e-01 
+1.5251396905e+01 +1.0000000000e+00 +7.1433710427e-16 +1.4446722195e+01 +3.5716855214e-16 -5.1599148496e-15 +5.0000000000e-01 
+1.6084274303e+01 +1.0000000000e+00 -5.1651603616e-16 +1.5279599594e+01 -2.5825801808e-16 +3.9460791082e-15 +5.0000000000e-01 
+1.6947884895e+01 +1.0000000000e+00 +3.8435726542e-16 +1.6143210186e+01 +1.9217863271e-16 -3.1023800611e-15 +5.0000000000e-01 
+1.7842866679e+01 +1.0000000000e+00 -2.9345124090e-16 +1.7038191970e+01 -1.4672562045e-16 +2.4999392881e-15 +5.0000000000e-01 
+1.8769860915e+01 +1.0000000000e+00 +2.2926704159e-16 +1.7965186205e+01 +1.1463352079e-16 -2.0594125464e-15 +5.0000000000e-01 
+1.9729512089e+01 +1.0000000000e+00 -1.8286557831e-16 +1.8924837380e+01 -9.1432789154e-17 +1.7303506659e-15 +5.0000000000e-01 
+2.0722467886e+01 +1.0000000000e+00 +1.4860261782e-16 +1.9917793177e+01 +7.4301308908e-17 -1.4799181036e-15 +5.0000000000e-01 
+2.1749379152e+01 +1.0000000000e+00 -1.2280703944e-16 +2.0944704443e+01 -6.1403519721e-17 +1.2860785723e-15 +5.0000000000e-01 
+2.2810899870e+01 +1.0000000000e+00 +1.0304811959e-16 +2.2006225161e+01 +5.1524059796e-17 -1.1338500611e-15 +5.0000000000e-01 
+2.3907687125e+01 +1.0000000000e+00 -8.7666907948e-17 +2.3103012416e+01 -4.3833453974e-17 +1.0126848314e-15 +5.0000000000e-01 
+2.5040401079e+01 +1.0000000000e+00 +7.5523128566e-17 +2.4235726370e+01 +3.7761564283e-17 -9.1517893927e-16 +5.0000000000e-01 
+2.6209704940e+01 +1.0000000000e+00 -6.5803803597e-17 +2.5405030231e+01 -3.2901901798e-17 +8.3587380983e-16 +5.0000000000e-01 
+2.7416264934e+01 +1.0000000000e+00 +5.7934576556e-17 +2.6611590225e+01 +2.8967288278e-17 -7.7086560560e-16 +5.0000000000e-01 
+2.8660750282e+01 +1.0000000000e+00 -5.1488177076e-17 +2.7856075573e+01 -2.5744088538e-17 +7.1712927587e-16 +5.0000000000e-01 
+2.9943833168e+01 +1.0000000000e+00 +4.6157708508e-17 +2.9139158459e+01 +2.3078854254e-17 -6.7249839116e-16 +5.0000000000e-01 
+3.1266188716e+01 +1.0000000000e+00 -4.1704356032e-17 +3.0461514007e+01 -2.0852178016e-17 +6.3518891272e-16 +5.0000000000e-01 
+3.2628494965e+01 +1.0000000000e+00 +3.7955999787e-17 +3.1823820256e+01 +1.8977999893e-17 -6.0395245742e-16 +5.0000000000e-01 
+3.4031432842e+01 +1.0000000000e+00 -3.4771555383e-17 +3.3226758133e+01 -1.7385777691e-17 +5.7767303030e-16 +5.0000000000e-01 
+3.5475686140e+01 +1.0000000000e+00 +3.2050690195e-17 +3.4671011431e+01 +1.6025345098e-17 -5.5561492306e-16 +5.0000000000e-01 
+3.6961941493e+01 +1.0000000000e+00 -2.9705689938e-17 +3.6157266784e+01 -1.4852844969e-17 +5.3703827805e-16 +5.0000000000e-01 
+3.8490888353e+01 +1.0000000000e+00 +2.7676349798e-17 +3.7686213644e+01 +1.3838174899e-17 -5.2150841569e-16 +5.0000000000e-01 
+4.0063218967e+01 +1.0000000000e+00 -2.5905447201e-17 +3.9258544258e+01 -1.2952723600e-17 +5.0850507272e-16 +5.0000000000e-01 
+4.1679628354e+01 +1.0000000000e+00 +2.4356177836e-17 +4.0874953645e+01 +1.2178088918e-17 -4.9777882001e-16 +5.0000000000e-01 
+4.3340814285e+01 +1.0000000000e+00 -2.2989445763e-17 +4.2536139575e+01 -1.1494722882e-17 +4.8894113687e-16 +5.0000000000e-01 
+4.5047477258e+01 +1.0000000000e+00 +2.1782611775e-17 +4.4242802549e+01 +1.0891305887e-17 -4.8186189587e-16 +5.0000000000e-01 
+4.6800320481e+01 +1.0000000000e+00 -2.0707741214e-17 +4.5995645772e+01 -1.0353870607e-17 +4.7623296482e-16 +5.0000000000e-01 
+4.8600049850e+01 +1.0000000000e+00 +1.9751058237e-17 +4.7795375141e+01 +9.8755291186e-18 -4.7200461894e-16 +5.0000000000e-01 
+5.0447373925e+01 +1.0000000000e+00 -1.8891718834e-17 +4.9642699216e+01 -9.4458594168e-18 +4.6891795787e-16 +5.0000000000e-01 
+5.2343003917e+01 +1.0000000000e+00 +1.8121659362e-17 +5.1538329207e+01 +9.0608296812e-18 -4.6698002300e-16 +5.0000000000e-01 
+5.4287653660e+01 +1.0000000000e+00 -1.7424668060e-17 +5.3482978951e+01 -8.7123340302e-18 +4.6596157755e-16 +5.0000000000e-01 
+5.6282039602e+01 +1.0000000000e+00 +1.6796461368e-17 +5.5477364893e+01 +8.3982306841e-18 -4.6591170811e-16 +5.0000000000e-01 
+5.8326880775e+01 +1.0000000000e+00 -1.6223930609e-17 +5.7522206066e+01 -8.1119653043e-18 +4.6661813983e-16 +5.0000000000e-01 
+6.0422898785e+01 +1.0000000000e+00 +1.5705353997e-17 +5.9618224076e+01 +7.8526769986e-18 -4.6816265690e-16 +5.0000000000e-01 
+6.2570817792e+01 +1.0000000000e+00 -1.5229749147e-17 +6.1766143082e+01 -7.6148745733e-18 +4.7034143245e-16 +5.0000000000e-01 
+6.4771364486e+01 +1.0000000000e+00 +1.4797168161e-17 +6.3966689777e+01 +7.3985840806e-18 -4.7326293267e-16 +5.0000000000e-01 
+6.7025268081e+01 +1.0000000000e+00 -1.4398115779e-17 +6.6220593372e+01 -7.1990578897e-18 +4.7672588518e-16 +5.0000000000e-01 
+6.9333260285e+01 +1.0000000000e+00 +1.4033896636e-17 +6.8528585576e+01 +7.0169483182e-18 -4.8086154331e-16 +5.0000000000e-01 
+7.1696075293e+01 +1.0000000000e+00 -1.3696075107e-17 +7.0891400584e+01 -6.8480375536e-18 +4.8546697343e-16 +5.0000000000e-01 
+7.4114449766e+01 +1.0000000000e+00 +1.3386856083e-17 +7.3309775056e+01 +6.6934280416e-18 -4.9069370409e-16 +5.0000000000e-01 
+7.6589122812e+01 +1.0000000000e+00 -1.3098571895e-17 +7.5784448103e+01 -6.5492859474e-18 +4.9633402100e-16 +5.0000000000e-01 
+7.9120835977e+01 +1.0000000000e+00 +1.2834085076e-17 +7.8316161268e+01 +6.4170425378e-18 -5.0255813826e-16 +5.0000000000e-01 
+8.1710333224e+01 +1.0000000000e+00 -1.2586293225e-17 +8.0905658514e+01 -6.2931466127e-18 +5.0915117083e-16 +5.0000000000e-01 
+8.4358360915e+01 +1.0000000000e+00 +1.2358546480e-17 +8.3553686206e+01 +6.1792732401e-18 -5.1630105728e-16 +5.0000000000e-01 
+8.7065667804e+01 +1.0000000000e+00 -1.2144164483e-17 +8.6260993095e+01 -6.0720822414e-18 +5.2378384429e-16 +5.0000000000e-01 
+8.9833005014e+01 +1.0000000000e+00 +1.1946863864e-17 +8.9028330304e+01 +5.9734319321e-18 -5.3180467110e-16 +5.0000000000e-01 
+9.2661126025e+01 +1.0000000000e+00 -1.1760283527e-17 +9.1856451315e+01 -5.8801417633e-18 +5.4012895561e-16 +5.0000000000e-01 
+9.5550786660e+01 +1.0000000000e+00 +1.1588419052e-17 +9.4746111951e+01 +5.7942095258e-18 -5.4897882440e-16 +5.0000000000e-01 
+9.8502745072e+01 +1.0000000000e+00 -1.1425153780e-17 +9.7698070362e+01 -5.7125768900e-18 +5.5810773895e-16 +5.0000000000e-01 
+1.0151776172e+02 +1.0000000000e+00 +1.1274698087e-17 +1.0071308701e+02 +5.6373490436e-18 -5.6775482475e-16 +5.0000000000e-01 
+1.0459659938e+02 +1.0000000000e+00 -1.1131124565e-17 +1.0379192467e+02 -5.5655622825e-18 +5.7766042118e-16 +5.0000000000e-01 
+1.0774002309e+02 +1.0000000000e+00 +1.0998810766e-17 +1.0693534838e+02 +5.4994053829e-18 -5.8808083051e-16 +5.0000000000e-01 
+1.1094880018e+02 +1.0000000000e+00 -1.0871977325e-17 +1.1014412547e+02 -5.4359886624e-18 +5.9874221729e-16 +5.0000000000e-01 
+1.1422370023e+02 +1.0000000000e+00 +1.0755133209e-17 +1.1341902552e+02 +5.3775666045e-18 -6.0991836396e-16 +5.0000000000e-01 
+1.1756549507e+02 +1.0000000000e+00 -1.0642615977e-17 +1.1676082036e+02 -5.3213079884e-18 +6.2132028611e-16 +5.0000000000e-01 
+1.2097495875e+02 +1.0000000000e+00 +1.0539038856e-17 +1.2017028405e+02 +5.2695194281e-18 -6.3323964645e-16 +5.0000000000e-01 
+1.2445286757e+02 +1.0000000000e+00 -1.0438832575e-17 +1.2364819286e+02 -5.2194162876e-18 +6.4537139174e-16 +5.0000000000e-01 
+1.2800000000e+02 +0.0000000000e+00 +0.0000000000e+00 +0.0000000000e+00 +0.0000000000e+00 +0.0000000000e+00 +0.0000000000e+00 
