+0.0000000000e+00 +0.0000000000e+00 +4.8249969491e-01 +4.8865397560e-28 +4.7767469796e-01 -9.9000000000e-03 +0.0000000000e+00 
+1.3086161096e-02 +6.3132116536e-03 +4.8236870421e-01 +4.1307852366e-05 +4.7754501716e-01 -9.9193317783e-03 +6.2500795370e-03 
+2.6566762323e-02 +1.2814918614e-02 +4.8223322282e-01 +1.7023720054e-04 +4.7741089060e-01 -9.9796472943e-03 +1.2686769428e-02 
+4.0448511219e-02 +1.9508182740e-02 +4.8209255133e-01 +3.9458778881e-04 +4.7727162582e-01 -1.0084557920e-02 +1.9313100912e-02 
+5.4738143480e-02 +2.6396060095e-02 +4.8194588288e-01 +7.2256516348e-04 +4.7712642405e-01 -1.0237857088e-02 +2.6132099494e-02 
+6.9442422728e-02 +3.3481597721e-02 +4.8179229250e-01 +1.1627940641e-03 +4.7697436957e-01 -1.0443524894e-02 +3.3146781744e-02 
+8.4568140280e-02 +4.0767829949e-02 +4.8163072565e-01 +1.7243319997e-03 +4.7681441840e-01 -1.0705732402e-02 +4.0360151649e-02 
+1.0012211492e-01 +4.8257774204e-02 +4.8145998611e-01 +2.4166829946e-03 +4.7664538625e-01 -1.1028845553e-02 +4.7775196462e-02 
+1.1611119270e-01 +5.5954426253e-02 +4.8127872292e-01 +3.2498114838e-03 +4.7646593569e-01 -1.1417428581e-02 +5.5394881991e-02 
+1.3254224669e-01 +6.3860754822e-02 +4.8108541672e-01 +4.2341563384e-03 +4.7627456256e-01 -1.1876246817e-02 +6.3222147274e-02 
+1.4942217680e-01 +7.1979695524e-02 +4.8087836512e-01 +5.3806449923e-03 +4.7606958147e-01 -1.2410268751e-02 +7.1259898569e-02 
+1.6675790955e-01 +8.0314144031e-02 +4.8065566727e-01 +6.7007076432e-03 +4.7584911060e-01 -1.3024667191e-02 +7.9511002591e-02 
+1.8455639788e-01 +8.8866948407e-02 +4.8041520765e-01 +8.2062914930e-03 +4.7561105557e-01 -1.3724819348e-02 +8.7978278923e-02 
+2.0282462095e-01 +9.7640900522e-02 +4.8015463889e-01 +9.9098749871e-03 +4.7535309250e-01 -1.4516305641e-02 +9.6664491517e-02 
+2.2156958393e-01 +1.0663872646e-01 +4.7987136385e-01 +1.1824482010e-02 +4.7507265021e-01 -1.5404907008e-02 +1.0557233920e-01 
+2.4079831784e-01 +1.1586307586e-01 +4.7956251683e-01 +1.3963695985e-02 +4.7476689166e-01 -1.6396600441e-02 +1.1470444510e-01 
+2.6051787932e-01 +1.2531651000e-01 +4.7922494390e-01 +1.6341673821e-02 +4.7443269446e-01 -1.7497552489e-02 +1.2406334490e-01 
+2.8073535047e-01 +1.3500148866e-01 +4.7885518260e-01 +1.8973159635e-02 +4.7406663078e-01 -1.8714110384e-02 +1.3365147377e-01 
+3.0145783868e-01 +1.4492035554e-01 +4.7844944078e-01 +2.1873498193e-02 +4.7366494637e-01 -2.0052790445e-02 +1.4347115199e-01 
+3.2269247641e-01 +1.5507532219e-01 +4.7800357487e-01 +2.5058647962e-02 +4.7322353912e-01 -2.1520263354e-02 +1.5352456897e-01 
+3.4444642107e-01 +1.6546845027e-01 +4.7751306758e-01 +2.8545193705e-02 +4.7273793690e-01 -2.3123335881e-02 +1.6381376577e-01 
+3.6672685479e-01 +1.7610163211e-01 +4.7697300515e-01 +3.2350358497e-02 +4.7220327510e-01 -2.4868928563e-02 +1.7434061579e-01 
+3.8954098431e-01 +1.8697656939e-01 +4.7637805434e-01 +3.6492015053e-02 +4.7161427379e-01 -2.6764048827e-02 +1.8510680369e-01 
+4.1289604074e-01 +1.9809474976e-01 +4.7572243923e-01 +4.0988696248e-02 +4.7096521483e-01 -2.8815758988e-02 +1.9611380227e-01 
+4.3679927948e-01 +2.0945742151e-01 +4.7499991822e-01 +4.5859604672e-02 +4.7024991904e-01 -3.1031138511e-02 +2.0736284729e-01 
+4.6125797999e-01 +2.2106556577e-01 +4.7420376132e-01 +5.1124621077e-02 +4.6946172371e-01 -3.3417239889e-02 +2.1885491011e-01 
+4.8627944568e-01 +2.3291986658e-01 +4.7332672813e-01 +5.6804311535e-02 +4.6859346085e-01 -3.5981037457e-02 +2.3059066792e-01 
+5.1187100370e-01 +2.4502067837e-01 +4.7236104680e-01 +6.2919933130e-02 +4.6763743633e-01 -3.8729368408e-02 +2.4257047158e-01 
+5.3804000487e-01 +2.5736799087e-01 +4.7129839442e-01 +6.9493437965e-02 +4.6658541048e-01 -4.1668865279e-02 +2.5479431097e-01 
+5.6479382343e-01 +2.6996139149e-01 +4.7012987938e-01 +7.6547475275e-02 +4.6542858058e-01 -4.4805879151e-02 +2.6726177757e-01 
+5.9213985697e-01 +2.8280002479e-01 +4.6884602604e-01 +8.4105391390e-02 +4.6415756578e-01 -4.8146392782e-02 +2.7997202454e-01 
+6.2008552625e-01 +2.9588254937e-01 +4.6743676259e-01 +9.2191227307e-02 +4.6276239496e-01 -5.1695922961e-02 +2.9292372388e-01 
+6.4863827505e-01 +3.0920709184e-01 +4.6589141253e-01 +1.0082971357e-01 +4.6123249840e-01 -5.5459411350e-02 +3.0611502092e-01 
+6.7780557006e-01 +3.2277119805e-01 +4.6419869081e-01 +1.1004626218e-01 +4.5955670390e-01 -5.9441103185e-02 +3.1954348607e-01 
+7.0759490068e-01 +3.3657178162e-01 +4.6234670524e-01 +1.1986695519e-01 +4.5772323819e-01 -6.3644413295e-02 +3.3320606380e-01 
+7.3801377898e-01 +3.5060506981e-01 +4.6032296435e-01 +1.3031852969e-01 +4.5571973471e-01 -6.8071779021e-02 +3.4709901911e-01 
+7.6906973945e-01 +3.6486654694e-01 +4.5811439257e-01 +1.4142835882e-01 +4.5353324864e-01 -7.2724499813e-02 +3.6121788147e-01 
+8.0077033896e-01 +3.7935089554e-01 +4.5570735393e-01 +1.5322442836e-01 +4.5115028039e-01 -7.7602563510e-02 +3.7555738659e-01 
+8.3312315658e-01 +3.9405193563e-01 +4.5308768557e-01 +1.6573530873e-01 +4.4855680871e-01 -8.2704459590e-02 +3.9011141627e-01 
+8.6613579346e-01 +4.0896256231e-01 +4.5024074213e-01 +1.7899012175e-01 +4.4573833471e-01 -8.8026980063e-02 +4.0487293669e-01 
+8.9981587271e-01 +4.2407468243e-01 +4.4715145265e-01 +1.9301850196e-01 +4.4267993812e-01 -9.3565009077e-02 +4.1983393561e-01 
+9.3417103928e-01 +4.3937915064e-01 +4.4380439109e-01 +2.0785055209e-01 +4.3936634718e-01 -9.9311302856e-02 +4.3498535913e-01 
+9.6920895980e-01 +4.5486570572e-01 +4.4018386209e-01 +2.2351679219e-01 +4.3578202347e-01 -1.0525626216e-01 +4.5031704866e-01 
+1.0049373225e+00 +4.7052290797e-01 +4.3627400324e-01 +2.4004810221e-01 +4.3191126321e-01 -1.1138770017e-01 +4.6581767889e-01 
+1.0413638371e+00 +4.8633807865e-01 +4.3205890524e-01 +2.5747565755e-01 +4.2773831619e-01 -1.1769060943e-01 +4.8147469786e-01 
+1.0784962346e+00 +5.0229724252e-01 +4.2752275123e-01 +2.7583085741e-01 +4.2324752372e-01 -1.2414693242e-01 +4.9727427009e-01 
+1.1163422672e+00 +5.1838507492e-01 +4.2264997625e-01 +2.9514524557e-01 +4.1842347649e-01 -1.3073534117e-01 +5.1320122417e-01 
+1.1549097084e+00 +5.3458485468e-01 +4.1742544787e-01 +3.1545042349e-01 +4.1325119339e-01 -1.3743103239e-01 +5.2923900614e-01 
+1.1942063525e+00 +5.5087842452e-01 +4.1183466837e-01 +3.3677795558e-01 +4.0771632169e-01 -1.4420554559e-01 +5.4536964027e-01 
+1.2342400148e+00 +5.6724616066e-01 +4.0586399881e-01 +3.5915926659e-01 +4.0180535882e-01 -1.5102661274e-01 +5.6157369905e-01 
+1.2750185313e+00 +5.8366695364e-01 +3.9950090450e-01 +3.8262553128e-01 +3.9550589545e-01 -1.5785804896e-01 +5.7783028411e-01 
+1.3165497586e+00 +6.0011820220e-01 +3.9273422118e-01 +4.0720755650e-01 +3.8880687897e-01 -1.6465969476e-01 +5.9411702018e-01 
+1.3588415741e+00 +6.1657582243e-01 +3.8555444019e-01 +4.3293565610e-01 +3.8169889579e-01 -1.7138742101e-01 +6.1041006421e-01 
+1.4019018754e+00 +6.3301427440e-01 +3.7795401026e-01 +4.5983951914e-01 +3.7417447016e-01 -1.7799320842e-01 +6.2668413165e-01 
+1.4457385806e+00 +6.4940660838e-01 +3.6992765281e-01 +4.8794807222e-01 +3.6622837629e-01 -1.8442531366e-01 +6.4291254230e-01 
+1.4903596279e+00 +6.6572453296e-01 +3.6147268629e-01 +5.1728933667e-01 +3.5785795942e-01 -1.9062853383e-01 +6.5906728763e-01 
+1.5357729758e+00 +6.8193850689e-01 +3.5258935434e-01 +5.4789028190e-01 +3.4906346079e-01 -1.9654458068e-01 +6.7511912182e-01 
+1.5819866027e+00 +6.9801785686e-01 +3.4328115140e-01 +5.7977667618e-01 +3.3984833988e-01 -2.0211257451e-01 +6.9103767829e-01 
+1.6290085071e+00 +7.1393092248e-01 +3.3355513802e-01 +6.1297293638e-01 +3.3021958664e-01 -2.0726966579e-01 +7.0679161325e-01 
+1.6768467070e+00 +7.2964523000e-01 +3.2342223731e-01 +6.4750197870e-01 +3.2018801494e-01 -2.1195178983e-01 +7.2234877770e-01 
+1.7255092406e+00 +7.4512769535e-01 +3.1289750273e-01 +6.8338507218e-01 +3.0976852770e-01 -2.1609455637e-01 +7.3767641840e-01 
+1.7750041653e+00 +7.6034485674e-01 +3.0200034664e-01 +7.2064169752e-01 +2.9898034317e-01 -2.1963427145e-01 +7.5274140818e-01 
+1.8253395584e+00 +7.7526313635e-01 +2.9075471836e-01 +7.5928941351e-01 +2.8784717117e-01 -2.2250908377e-01 +7.6751050499e-01 
+1.8765235165e+00 +7.8984912967e-01 +2.7918921998e-01 +7.9934373382e-01 +2.7639732778e-01 -2.2466024169e-01 +7.8195063838e-01 
+1.9285641555e+00 +8.0406992039e-01 +2.6733714834e-01 +8.4081801676e-01 +2.6466377685e-01 -2.2603344044e-01 +7.9602922119e-01 
+1.9814696107e+00 +8.1789341748e-01 +2.5523645191e-01 +8.8372337109e-01 +2.5268408740e-01 -2.2658023207e-01 +8.0971448331e-01 
+2.0352480364e+00 +8.3128871030e-01 +2.4292959244e-01 +9.2806858039e-01 +2.4050029651e-01 -2.2625946366e-01 +8.2297582319e-01 
+2.0899076062e+00 +8.4422643629e-01 +2.3046330250e-01 +9.7386004897e-01 +2.2815866947e-01 -2.2503870209e-01 +8.3578417193e-01 
+2.1454565127e+00 +8.5667915503e-01 +2.1788823277e-01 +1.0211017717e+00 +2.1570935044e-01 -2.2289559808e-01 +8.4811236348e-01 
+2.2019029670e+00 +8.6862172098e-01 +2.0525848514e-01 +1.0697953303e+00 +2.0320590029e-01 -2.1981913665e-01 +8.5993550377e-01 
+2.2592551997e+00 +8.8003164705e-01 +1.9263103169e-01 +1.1199399177e+00 +1.9070472137e-01 -2.1581071853e-01 +8.7123133058e-01 
+2.3175214595e+00 +8.9088944963e-01 +1.8006502312e-01 +1.1715323920e+00 +1.7826437289e-01 -2.1088501547e-01 +8.8198055513e-01 
+2.3767100141e+00 +9.0117896607e-01 +1.6762099514e-01 +1.2245673617e+00 +1.6594478519e-01 -2.0507054485e-01 +8.9216717641e-01 
+2.4368291497e+00 +9.1088763476e-01 +1.5535998547e-01 +1.2790373006e+00 +1.5380638561e-01 -1.9840991306e-01 +9.0177875841e-01 
+2.4978871711e+00 +9.2000672855e-01 +1.4334257929e-01 +1.3349326941e+00 +1.4190915349e-01 -1.9095968603e-01 +9.1080666126e-01 
+2.5598924012e+00 +9.2853153263e-01 +1.3162790529e-01 +1.3922422143e+00 +1.3031162623e-01 -1.8278985606e-01 +9.1924621731e-01 
+2.6228531815e+00 +9.3646145909e-01 +1.2027260860e-01 +1.4509529213e+00 +1.1906988251e-01 -1.7398288924e-01 +9.2709684450e-01 
+2.6867778717e+00 +9.4380009148e-01 +1.0932983035e-01 +1.5110504899e+00 +1.0823653205e-01 -1.6463235451e-01 +9.3436209057e-01 
+2.7516748496e+00 +9.5055515483e-01 +9.8848225696e-02 +1.5725194551e+00 +9.7859743439e-02 -1.5484115492e-01 +9.4104960328e-01 
+2.8175525111e+00 +9.5673840839e-01 +8.8871053385e-02 +1.6353434750e+00 +8.7982342851e-02 -1.4471940131e-01 +9.4717102431e-01 
+2.8844192701e+00 +9.6236546089e-01 +7.9435369314e-02 +1.6995056029e+00 +7.8641015621e-02 -1.3438198859e-01 +9.5274180628e-01 
+2.9522835584e+00 +9.6745551067e-01 +7.0571354521e-02 +1.7649885663e+00 +6.9865640976e-02 -1.2394595287e-01 +9.5778095556e-01 
+3.0211538258e+00 +9.7203101566e-01 +6.2301804295e-02 +1.8317750442e+00 +6.1678786252e-02 -1.1352770289e-01 +9.6231070550e-01 
+3.0910385397e+00 +9.7611730082e-01 +5.4641799816e-02 +1.8998479381e+00 +5.4095381818e-02 -1.0324023025e-01 +9.6635612781e-01 
+3.1619461854e+00 +9.7974211303e-01 +4.7598577035e-02 +1.9691906312e+00 +4.7122591265e-02 -9.3190408619e-02 +9.6994469190e-01 
+3.2338852657e+00 +9.8293513546e-01 +4.1171599788e-02 +2.0397872293e+00 +4.0759883790e-02 -8.3476491764e-02 +9.7310578411e-01 
+3.3068643009e+00 +9.8572747520e-01 +3.5352835673e-02 +2.1116227783e+00 +3.4999307317e-02 -7.4185913865e-02 +9.7587020045e-01 
+3.3808918289e+00 +9.8815113870e-01 +3.0127224633e-02 +2.1846834555e+00 +2.9825952387e-02 -6.5393482261e-02 +9.7826962731e-01 
+3.4559764050e+00 +9.9023851043e-01 +2.5473321803e-02 +2.2589567296e+00 +2.5218588585e-02 -5.7160034549e-02 +9.8033612533e-01 
+3.5321266019e+00 +9.9202184945e-01 +2.1364088728e-02 +2.3344314879e+00 +2.1150447840e-02 -4.9531608660e-02 +9.8210163095e-01 
+3.6093510095e+00 +9.9353281794e-01 +1.7767800822e-02 +2.4110981294e+00 +1.7590122814e-02 -4.2539148355e-02 +9.8359748976e-01 
+3.6876582348e+00 +9.9480205415e-01 +1.4649034435e-02 +2.4889486228e+00 +1.4502544091e-02 -3.6198738985e-02 +9.8485403361e-01 
+3.7670569022e+00 +9.9585879995e-01 +1.1969694387e-02 +2.5679765323e+00 +1.1849997443e-02 -3.0512341321e-02 +9.8590021195e-01 
+3.8475556529e+00 +9.9673059083e-01 +9.6900424508e-03 +2.6481770107e+00 +9.5931420263e-03 -2.5468966654e-02 +9.8676328492e-01 
+3.9291631454e+00 +9.9744301328e-01 +7.7696890215e-03 +2.7295467643e+00 +7.6919921313e-03 -2.1046215842e-02 +9.8746858315e-01 
+4.0118880548e+00 +9.9801953157e-01 +6.1685139338e-03 +2.8120839935e+00 +6.1068287945e-03 -1.7212089949e-02 +9.8803933625e-01 
+4.0957390734e+00 +9.9848138305e-01 +4.8474878340e-03 +2.8957883111e+00 +4.7990129556e-03 -1.3926971406e-02 +9.8849656922e-01 
+4.1807249099e+00 +9.9884753858e-01 +3.7693721753e-03 +2.9806606458e+00 +3.7316784536e-03 -1.1145672696e-02 +9.8885906320e-01 
+4.2668542903e+00 +9.9913472217e-01 +2.8992833799e-03 +3.0667031328e+00 +2.8702905461e-03 -8.8194540987e-03 +9.8914337495e-01 
+4.3541359567e+00 +9.9935748234e-01 +2.2051144164e-03 +3.1539189977e+00 +2.1830632722e-03 -6.8979224901e-03 +9.8936390752e-01 
+4.4425786682e+00 +9.9952830629e-01 +1.6578144828e-03 +3.2423124373e+00 +1.6412363379e-03 -5.3307383237e-03 +9.8953302323e-01 
+4.5321912003e+00 +9.9965776722e-01 +1.2315341835e-03 +3.3318885004e+00 +1.2192188417e-03 -4.0690762876e-03 +9.8966118955e-01 
+4.6229823451e+00 +9.9975469509e-01 +9.0364916930e-04 +3.4226529736e+00 +8.9461267761e-04 -3.0668051827e-03 +9.8975714814e-01 
+4.7149609109e+00 +9.9982636150e-01 +6.5467941027e-04 +3.5146122725e+00 +6.4813261617e-04 -2.2813725907e-03 +9.8982809789e-01 
+4.8081357226e+00 +9.9987867000e-01 +4.6812395435e-04 +3.6077733423e+00 +4.6344271481e-04 -1.6743984605e-03 +9.8987988330e-01 
+4.9025156213e+00 +9.9991634438e-01 +3.3023218434e-04 +3.7021435678e+00 +3.2692986250e-04 -1.2119975995e-03 +9.8991718094e-01 
+4.9981094643e+00 +9.9994310896e-01 +2.2973234102e-04 +3.7977306931e+00 +2.2743501761e-04 -8.6486335753e-04 +9.8994367787e-01 
+5.0949261252e+00 +9.9996185601e-01 +1.5753663659e-04 +3.8945427536e+00 +1.5596127022e-04 -6.0815307139e-04 +9.8996223745e-01 
+5.1929744938e+00 +9.9997479724e-01 +1.0643991945e-04 +3.9925880166e+00 +1.0537552026e-04 -4.2122004770e-04 +9.8997504927e-01 
+5.2922634756e+00 +9.9998359751e-01 +7.0825880484e-05 +4.0918749329e+00 +7.0117621679e-05 -2.8723730505e-04 +9.8998376154e-01 
+5.3928019925e+00 +9.9998948995e-01 +4.6391524160e-05 +4.1924120970e+00 +4.5927608919e-05 -1.9275556118e-04 +9.8998959505e-01 
+5.4945989822e+00 +9.9999337294e-01 +2.9897352519e-05 +4.2942082144e+00 +2.9598378994e-05 -1.2723281765e-04 +9.8999343921e-01 
+5.5976633983e+00 +9.9999589003e-01 +1.8947661279e-05 +4.3972720772e+00 +1.8758184666e-05 -8.2566218945e-05 +9.8999593113e-01 
+5.7020042103e+00 +9.9999749429e-01 +1.1802701060e-05 +4.5016125440e+00 +1.1684674049e-05 -5.2649488346e-05 +9.8999751934e-01 
+5.8076304033e+00 +9.9999849906e-01 +7.2223180609e-06 +4.6072385255e+00 +7.1500948803e-06 -3.2971911257e-05 +9.8999851407e-01 
+5.9145509784e+00 +9.9999911713e-01 +4.3390998544e-06 +4.7141589731e+00 +4.2957088559e-06 -2.0268135208e-05 +9.8999912596e-01 
+6.0227749521e+00 +9.9999949035e-01 +2.5579991099e-06 +4.8223828715e+00 +2.5324191188e-06 -1.2222385675e-05 +9.8999949545e-01 
+6.1323113568e+00 +9.9999971144e-01 +1.4788347887e-06 +4.9319192324e+00 +1.4640464408e-06 -7.2262723082e-06 +9.8999971432e-01 
+6.2431692402e+00 +9.9999983985e-01 +8.3789314286e-07 +5.0427770910e+00 +8.2951421143e-07 -4.1862261795e-06 +9.8999984145e-01 
+6.3553576658e+00 +9.9999991294e-01 +4.6497355312e-07 +5.1549655027e+00 +4.6032381759e-07 -2.3746772684e-06 +9.8999991381e-01 
+6.4688857122e+00 +9.9999995367e-01 +2.5255065407e-07 +5.2684935416e+00 +2.5002514753e-07 -1.3181732983e-06 +9.8999995413e-01 
+6.5837624738e+00 +9.9999997588e-01 +1.3416760848e-07 +5.3833702991e+00 +1.3282593240e-07 -7.1552879587e-07 +9.8999997612e-01 
+6.6999970601e+00 +9.9999998772e-01 +6.9664509342e-08 +5.4996048832e+00 +6.8967864248e-08 -3.7953906528e-07 +9.8999998785e-01 
+6.8175985959e+00 +9.9999999390e-01 +3.5327472390e-08 +5.6172064180e+00 +3.4974197666e-08 -1.9657811241e-07 +9.8999999396e-01 
+6.9365762213e+00 +9.9999999704e-01 +1.7482701311e-08 +5.7361840429e+00 +1.7307874297e-08 -9.9339773213e-08 +9.8999999707e-01 
+7.0569390918e+00 +9.9999999860e-01 +8.4361023121e-09 +5.8565469131e+00 +8.3517412890e-09 -4.8940100866e-08 +9.8999999861e-01 
+7.1786963778e+00 +9.9999999935e-01 +3.9658655134e-09 +5.9783041990e+00 +3.9262068583e-09 -2.3484845850e-08 +9.8999999936e-01 
+7.3018572648e+00 +9.9999999971e-01 +1.8146976080e-09 +6.1014650859e+00 +1.7965506319e-09 -1.0967329661e-08 +9.8999999971e-01 
+7.4264309536e+00 +9.9999999987e-01 +8.0747335722e-10 +6.2260387747e+00 +7.9939862365e-10 -4.9795916620e-09 +9.8999999987e-01 
+7.5524266597e+00 +9.9999999995e-01 +3.4904044958e-10 +6.3520344807e+00 +3.4555004509e-10 -2.1960080509e-09 +9.8999999995e-01 
+7.6798536137e+00 +9.9999999998e-01 +1.4641629020e-10 +6.4794614347e+00 +1.4495212730e-10 -9.3964893580e-10 +9.8999999998e-01 
+7.8087210611e+00 +9.9999999999e-01 +5.9536846991e-11 +6.6083288822e+00 +5.8941478521e-11 -3.8967914051e-10 +9.8999999999e-01 
+7.9390382624e+00 +1.0000000000e+00 +2.3439778009e-11 +6.7386460834e+00 +2.3205380229e-11 -1.5644025807e-10 +9.9000000000e-01 
+8.0708144926e+00 +1.0000000000e+00 +8.9237965306e-12 +6.8704223136e+00 +8.8345585653e-12 -6.0722340147e-11 +9.9000000000e-01 
+8.2040590417e+00 +1.0000000000e+00 +3.2809315642e-12 +7.0036668628e+00 +3.2481222485e-12 -2.2757858085e-11 +9.9000000000e-01 
+8.3387812144e+00 +1.0000000000e+00 +1.1632702876e-12 +7.1383890354e+00 +1.1516375847e-12 -8.2240025752e-12 +9.9000000000e-01 
+8.4749903299e+00 +1.0000000000e+00 +3.9713847981e-13 +7.2745981510e+00 +3.9316709501e-13 -2.8611943731e-12 +9.9000000000e-01 
+8.6126957223e+00 +1.0000000000e+00 +1.3033932135e-13 +7.4123035434e+00 +1.2903592814e-13 -9.5679639306e-13 +9.9000000000e-01 
+8.7519067401e+00 +1.0000000000e+00 +4.1050886786e-14 +7.5515145611e+00 +4.0640377918e-14 -3.0700192121e-13 +9.9000000000e-01 
+8.8926327462e+00 +1.0000000000e+00 +1.2384068882e-14 +7.6922405673e+00 +1.2260228193e-14 -9.4339400052e-14 +9.9000000000e-01 
+9.0348831184e+00 +1.0000000000e+00 +3.5711640480e-15 +7.8344909395e+00 +3.5354524075e-15 -2.7707262820e-14 +9.9000000000e-01 
+9.1786672485e+00 +1.0000000000e+00 +9.8229179131e-16 +7.9782750696e+00 +9.7246887340e-16 -7.7608224102e-15 +9.9000000000e-01 
+9.3239945430e+00 +1.0000000000e+00 +2.5714688673e-16 +8.1236023641e+00 +2.5457541787e-16 -2.0680694664e-15 +9.9000000000e-01 
+9.4708744227e+00 +1.0000000000e+00 +6.3851808584e-17 +8.2704822437e+00 +6.3213290498e-17 -5.2280439663e-16 +9.9000000000e-01 
+9.6193163225e+00 +1.0000000000e+00 +1.5000552879e-17 +8.4189241436e+00 +1.4850547351e-17 -1.2502563164e-16 +9.9000000000e-01 
+9.7693296918e+00 +1.0000000000e+00 +3.3232311626e-18 +8.5689375129e+00 +3.2899988510e-18 -2.8191794571e-17 +9.9000000000e-01 
+9.9209239943e+00 +1.0000000000e+00 +6.9173855535e-19 +8.7205318153e+00 +6.8482116980e-19 -5.9720047990e-18 +9.9000000000e-01 
+1.0074108708e+01 +1.0000000000e+00 +1.3472842584e-19 +8.8737165286e+00 +1.3338114158e-19 -1.1835864407e-18 +9.9000000000e-01 
+1.0228893324e+01 +1.0000000000e+00 +2.4438603570e-20 +9.0285011446e+00 +2.4194217534e-20 -2.1843752070e-19 +9.9000000000e-01 
+1.0385287348e+01 +1.0000000000e+00 +4.1063766979e-21 +9.1848951693e+00 +4.0653129309e-21 -3.7339473101e-20 +9.9000000000e-01 
+1.0543300302e+01 +1.0000000000e+00 +6.3518460266e-22 +9.3429081228e+00 +6.2883275664e-22 -5.8751266698e-21 +9.9000000000e-01 
+1.0702941718e+01 +1.0000000000e+00 +8.9788878248e-23 +9.5025495390e+00 +8.8890989466e-23 -8.4469103097e-22 +9.9000000000e-01 
+1.0864221145e+01 +1.0000000000e+00 +1.1498482259e-23 +9.6638289662e+00 +1.1383497437e-23 -1.1000817226e-22 +9.9000000000e-01 
+1.1027148145e+01 +1.0000000000e+00 +1.3199610519e-24 +9.8267559661e+00 +1.3067614413e-24 -1.2841225790e-23 +9.9000000000e-01 
+1.1191732294e+01 +1.0000000000e+00 +1.3405466605e-25 +9.9913401147e+00 +1.3271411939e-25 -1.3259919048e-24 +9.9000000000e-01 
+1.1357983181e+01 +1.0000000000e+00 +1.1841687442e-26 +1.0157591002e+01 +1.1723270567e-26 -1.1908018763e-25 +9.9000000000e-01 
+1.1525910410e+01 +1.0000000000e+00 +8.8592334202e-28 +1.0325518231e+01 +8.7706410860e-28 -9.0561414428e-27 +9.9000000000e-01 
+1.1695523598e+01 +1.0000000000e+00 +5.0214084272e-29 +1.0495131419e+01 +4.9711943430e-29 -5.2173337938e-28 +9.9000000000e-01 
+1.1866832376e+01 +1.0000000000e+00 -2.3452540187e-30 +1.0666440197e+01 -2.3218014785e-30 +2.4765356620e-29 +9.9000000000e-01 
+1.2039846390e+01 +1.0000000000e+00 -4.8830441746e-30 +1.0839454211e+01 -4.8342137328e-30 +5.2400238402e-29 +9.9000000000e-01 
+1.2214575297e+01 +1.0000000000e+00 -4.8999877560e-30 +1.1014183118e+01 -4.8509878785e-30 +5.3429668794e-29 +9.9000000000e-01 
+1.2391028769e+01 +1.0000000000e+00 -4.8252123960e-30 +1.1190636590e+01 -4.7769602720e-30 +5.3457226408e-29 +9.9000000000e-01 
+1.2569216492e+01 +1.0000000000e+00 -4.7499214244e-30 +1.1368824313e+01 -4.7024222102e-30 +5.3461011954e-29 +9.9000000000e-01 
+1.2749148165e+01 +1.0000000000e+00 -4.6762609826e-30 +1.1548755987e+01 -4.6294983728e-30 +5.3464947047e-29 +9.9000000000e-01 
+1.2930833502e+01 +1.0000000000e+00 -4.6042055945e-30 +1.1730441323e+01 -4.5581635386e-30 +5.3469269929e-29 +9.9000000000e-01 
+1.3114282227e+01 +1.0000000000e+00 -4.5337081700e-30 +1.1913890048e+01 -4.4883710883e-30 +5.3473959639e-29 +9.9000000000e-01 
+1.3299504080e+01 +1.0000000000e+00 -4.4647234714e-30 +1.2099111901e+01 -4.4200762367e-30 +5.3478997000e-29 +9.9000000000e-01 
+1.3486508815e+01 +1.0000000000e+00 -4.3972079762e-30 +1.2286116636e+01 -4.3532358965e-30 +5.3484363968e-29 +9.9000000000e-01 
+1.3675306197e+01 +1.0000000000e+00 -4.3311197795e-30 +1.2474914019e+01 -4.2878085817e-30 +5.3490043385e-29 +9.9000000000e-01 
+1.3865906007e+01 +1.0000000000e+00 -4.2664185339e-30 +1.2665513828e+01 -4.2237543486e-30 +5.3496019109e-29 +9.9000000000e-01 
+1.4058318037e+01 +1.0000000000e+00 -4.2030653570e-30 +1.2857925858e+01 -4.1610347034e-30 +5.3502275709e-29 +9.9000000000e-01 
+1.4252552093e+01 +1.0000000000e+00 -4.1410227887e-30 +1.3052159914e+01 -4.0996125608e-30 +5.3508798729e-29 +9.9000000000e-01 
+1.4448617995e+01 +1.0000000000e+00 -4.0802547104e-30 +1.3248225816e+01 -4.0394521633e-30 +5.3515574431e-29 +9.9000000000e-01 
+1.4646525574e+01 +1.0000000000e+00 -4.0207262791e-30 +1.3446133395e+01 -3.9805190163e-30 +5.3522589677e-29 +9.9000000000e-01 
+1.4846284678e+01 +1.0000000000e+00 -3.9624038859e-30 +1.3645892499e+01 -3.9227798471e-30 +5.3529832090e-29 +9.9000000000e-01 
+1.5047905164e+01 +1.0000000000e+00 -3.9052551019e-30 +1.3847512985e+01 -3.8662025509e-30 +5.3537290026e-29 +9.9000000000e-01 
+1.5251396905e+01 +1.0000000000e+00 -3.8492486001e-30 +1.4051004726e+01 -3.8107561141e-30 +5.3544952167e-29 +9.9000000000e-01 
+1.5456769784e+01 +1.0000000000e+00 -3.7943541600e-30 +1.4256377605e+01 -3.7564106184e-30 +5.3552808217e-29 +9.9000000000e-01 
+1.5664033701e+01 +1.0000000000e+00 -3.7405425456e-30 +1.4463641522e+01 -3.7031371202e-30 +5.3560847815e-29 +9.9000000000e-01 
+1.5873198566e+01 +1.0000000000e+00 -3.6877855378e-30 +1.4672806387e+01 -3.6509076824e-30 +5.3569061563e-29 +9.9000000000e-01 
+1.6084274303e+01 +1.0000000000e+00 -3.6360558488e-30 +1.4883882124e+01 -3.5996952904e-30 +5.3577440385e-29 +9.9000000000e-01 
+1.6297270848e+01 +1.0000000000e+00 -3.5853270992e-30 +1.5096878670e+01 -3.5494738282e-30 +5.3585975725e-29 +9.9000000000e-01 
+1.6512198152e+01 +1.0000000000e+00 -3.5355737571e-30 +1.5311805973e+01 -3.5002180196e-30 +5.3594659178e-29 +9.9000000000e-01 
+1.6729066176e+01 +1.0000000000e+00 -3.4867711446e-30 +1.5528673997e+01 -3.4519034332e-30 +5.3603483081e-29 +9.9000000000e-01 
+1.6947884895e+01 +1.0000000000e+00 -3.4388953785e-30 +1.5747492716e+01 -3.4045064247e-30 +5.3612440125e-29 +9.9000000000e-01 
+1.7168664298e+01 +1.0000000000e+00 -3.3919233149e-30 +1.5968272119e+01 -3.3580040817e-30 +5.3621522954e-29 +9.9000000000e-01 
+1.7391414385e+01 +1.0000000000e+00 -3.3458325825e-30 +1.6191022206e+01 -3.3123742567e-30 +5.3630725146e-29 +9.9000000000e-01 
+1.7616145170e+01 +1.0000000000e+00 -3.3006014818e-30 +1.6415752991e+01 -3.2675954670e-30 +5.3640040062e-29 +9.9000000000e-01 
+1.7842866679e+01 +1.0000000000e+00 -3.2562090126e-30 +1.6642474500e+01 -3.2236469225e-30 +5.3649461704e-29 +9.9000000000e-01 
+1.8071588950e+01 +1.0000000000e+00 -3.2126348212e-30 +1.6871196771e+01 -3.1805084730e-30 +5.3658984280e-29 +9.9000000000e-01 
+1.8302322035e+01 +1.0000000000e+00 -3.1698591739e-30 +1.7101929856e+01 -3.1381605822e-30 +5.3668602153e-29 +9.9000000000e-01 
+1.8535075998e+01 +1.0000000000e+00 -3.1278629514e-30 +1.7334683819e+01 -3.0965843219e-30 +5.3678310138e-29 +9.9000000000e-01 
+1.8769860915e+01 +1.0000000000e+00 -3.0866276028e-30 +1.7569468736e+01 -3.0557613268e-30 +5.3688103095e-29 +9.9000000000e-01 
+1.9006686874e+01 +1.0000000000e+00 -3.0461351491e-30 +1.7806294695e+01 -3.0156737976e-30 +5.3697976346e-29 +9.9000000000e-01 
+1.9245563979e+01 +1.0000000000e+00 -3.0063681355e-30 +1.8045171800e+01 -2.9763044542e-30 +5.3707925205e-29 +9.9000000000e-01 
+1.9486502342e+01 +1.0000000000e+00 -2.9673096350e-30 +1.8286110163e+01 -2.9376365387e-30 +5.3717945364e-29 +9.9000000000e-01 
+1.9729512089e+01 +1.0000000000e+00 -2.9289432157e-30 +1.8529119910e+01 -2.8996537835e-30 +5.3728032652e-29 +9.9000000000e-01 
+1.9974603360e+01 +1.0000000000e+00 -2.8912529230e-30 +1.8774211181e+01 -2.8623403938e-30 +5.3738183025e-29 +9.9000000000e-01 
+2.0221786306e+01 +1.0000000000e+00 -2.8542232758e-30 +1.9021394127e+01 -2.8256810430e-30 +5.3748392795e-29 +9.9000000000e-01 
+2.0471071089e+01 +1.0000000000e+00 -2.8178392277e-30 +1.9270678910e+01 -2.7896608354e-30 +5.3758658227e-29 +9.9000000000e-01 
+2.0722467886e+01 +1.0000000000e+00 -2.7820861732e-30 +1.9522075707e+01 -2.7542653115e-30 +5.3768975928e-29 +9.9000000000e-01 
+2.0975986884e+01 +1.0000000000e+00 -2.7469499124e-30 +1.9775594705e+01 -2.7194804133e-30 +5.3779342462e-29 +9.9000000000e-01 
+2.1231638285e+01 +1.0000000000e+00 -2.7124166625e-30 +2.0031246106e+01 -2.6852924959e-30 +5.3789754851e-29 +9.9000000000e-01 
+2.1489432299e+01 +1.0000000000e+00 -2.6784730098e-30 +2.0289040120e+01 -2.6516882797e-30 +5.3800209892e-29 +9.9000000000e-01 
+2.1749379152e+01 +1.0000000000e+00 -2.6451059326e-30 +2.0548986973e+01 -2.6186548733e-30 +5.3810704878e-29 +9.9000000000e-01 
+2.2011489081e+01 +1.0000000000e+00 -2.6123027562e-30 +2.0811096902e+01 -2.5861797287e-30 +5.3821236939e-29 +9.9000000000e-01 
+2.2275772334e+01 +1.0000000000e+00 -2.5800511615e-30 +2.1075380155e+01 -2.5542506498e-30 +5.3831803457e-29 +9.9000000000e-01 
+2.2542239173e+01 +1.0000000000e+00 -2.5483391642e-30 +2.1341846994e+01 -2.5228557725e-30 +5.3842401885e-29 +9.9000000000e-01 
+2.2810899870e+01 +1.0000000000e+00 -2.5171551115e-30 +2.1610507691e+01 -2.4919835604e-30 +5.3853029898e-29 +9.9000000000e-01 
+2.3081764711e+01 +1.0000000000e+00 -2.4864876600e-30 +2.1881372532e+01 -2.4616227834e-30 +5.3863685155e-29 +9.9000000000e-01 
+2.3354843992e+01 +1.0000000000e+00 -2.4563257724e-30 +2.2154451813e+01 -2.4317625146e-30 +5.3874365452e-29 +9.9000000000e-01 
+2.3630148023e+01 +1.0000000000e+00 -2.4266587062e-30 +2.2429755844e+01 -2.4023921191e-30 +5.3885068674e-29 +9.9000000000e-01 
+2.3907687125e+01 +1.0000000000e+00 -2.3974760010e-30 +2.2707294946e+01 -2.3735012410e-30 +5.3895792734e-29 +9.9000000000e-01 
+2.4187471631e+01 +1.0000000000e+00 -2.3687674858e-30 +2.2987079452e+01 -2.3450798109e-30 +5.3906535935e-29 +9.9000000000e-01 
+2.4469511885e+01 +1.0000000000e+00 -2.3405232328e-30 +2.3269119706e+01 -2.3171180005e-30 +5.3917296128e-29 +9.9000000000e-01 
+2.4753818245e+01 +1.0000000000e+00 -2.3127335957e-30 +2.3553426066e+01 -2.2896062597e-30 +5.3928071760e-29 +9.9000000000e-01 
+2.5040401079e+01 +1.0000000000e+00 -2.2853891646e-30 +2.3840008900e+01 -2.2625352729e-30 +5.3938861043e-29 +9.9000000000e-01 
+2.5329270767e+01 +1.0000000000e+00 -2.2584807867e-30 +2.4128878588e+01 -2.2358959789e-30 +5.3949662610e-29 +9.9000000000e-01 
+2.5620437702e+01 +1.0000000000e+00 -2.2319995145e-30 +2.4420045523e+01 -2.2096795193e-30 +5.3960474454e-29 +9.9000000000e-01 
+2.5913912288e+01 +1.0000000000e+00 -2.2059366690e-30 +2.4713520109e+01 -2.1838773023e-30 +5.3971295626e-29 +9.9000000000e-01 
+2.6209704940e+01 +1.0000000000e+00 -2.1802837500e-30 +2.5009312761e+01 -2.1584809125e-30 +5.3982124228e-29 +9.9000000000e-01 
+2.6507826085e+01 +1.0000000000e+00 -2.1550325047e-30 +2.5307433906e+01 -2.1334821797e-30 +5.3992959253e-29 +9.9000000000e-01 
+2.6808286164e+01 +1.0000000000e+00 -2.1301748664e-30 +2.5607893985e+01 -2.1088731178e-30 +5.4003799227e-29 +9.9000000000e-01 
+2.7111095626e+01 +1.0000000000e+00 -2.1057029835e-30 +2.5910703447e+01 -2.0846459536e-30 +5.4014643097e-29 +9.9000000000e-01 
+2.7416264934e+01 +1.0000000000e+00 -2.0816091829e-30 +2.6215872755e+01 -2.0607930910e-30 +5.4025489450e-29 +9.9000000000e-01 
+2.7723804563e+01 +1.0000000000e+00 -2.0578859943e-30 +2.6523412384e+01 -2.0373071344e-30 +5.4036337278e-29 +9.9000000000e-01 
+2.8033724997e+01 +1.0000000000e+00 -2.0345261232e-30 +2.6833332818e+01 -2.0141808619e-30 +5.4047185424e-29 +9.9000000000e-01 
+2.8346036734e+01 +1.0000000000e+00 -2.0115224635e-30 +2.7145644555e+01 -1.9914072389e-30 +5.4058033071e-29 +9.9000000000e-01 
+2.8660750282e+01 +1.0000000000e+00 -1.9888680624e-30 +2.7460358103e+01 -1.9689793817e-30 +5.4068878920e-29 +9.9000000000e-01 
+2.8977876163e+01 +1.0000000000e+00 -1.9665561517e-30 +2.7777483984e+01 -1.9468905902e-30 +5.4079722188e-29 +9.9000000000e-01 
+2.9297424906e+01 +1.0000000000e+00 -1.9445801218e-30 +2.8097032727e+01 -1.9251343205e-30 +5.4090562009e-29 +9.9000000000e-01 
+2.9619407057e+01 +1.0000000000e+00 -1.9229335138e-30 +2.8419014878e+01 -1.9037041786e-30 +5.4101397376e-29 +9.9000000000e-01 
+2.9943833168e+01 +1.0000000000e+00 -1.9016100272e-30 +2.8743440989e+01 -1.8825939269e-30 +5.4112227444e-29 +9.9000000000e-01 
+3.0270713807e+01 +1.0000000000e+00 -1.8806035236e-30 +2.9070321628e+01 -1.8617974884e-30 +5.4123051793e-29 +9.9000000000e-01 
+3.0600059550e+01 +1.0000000000e+00 -1.8599079758e-30 +2.9399667371e+01 -1.8413088960e-30 +5.4133869070e-29 +9.9000000000e-01 
+3.0931880987e+01 +1.0000000000e+00 -1.8395175385e-30 +2.9731488808e+01 -1.8211223631e-30 +5.4144679157e-29 +9.9000000000e-01 
+3.1266188716e+01 +1.0000000000e+00 -1.8194264607e-30 +3.0065796537e+01 -1.8012321961e-30 +5.4155480725e-29 +9.9000000000e-01 
+3.1602993351e+01 +1.0000000000e+00 -1.7996291640e-30 +3.0402601172e+01 -1.7816328723e-30 +5.4166273652e-29 +9.9000000000e-01 
+3.1942305512e+01 +1.0000000000e+00 -1.7801201712e-30 +3.0741913334e+01 -1.7623189695e-30 +5.4177057025e-29 +9.9000000000e-01 
+3.2284135835e+01 +1.0000000000e+00 -1.7608941434e-30 +3.1083743657e+01 -1.7432852019e-30 +5.4187830337e-29 +9.9000000000e-01 
+3.2628494965e+01 +1.0000000000e+00 -1.7419458592e-30 +3.1428102786e+01 -1.7245264006e-30 +5.4198592974e-29 +9.9000000000e-01 
+3.2975393557e+01 +1.0000000000e+00 -1.7232702169e-30 +3.1775001378e+01 -1.7060375147e-30 +5.4209344382e-29 +9.9000000000e-01 
+3.3324842280e+01 +1.0000000000e+00 -1.7048622303e-30 +3.2124450101e+01 -1.6878136080e-30 +5.4220084029e-29 +9.9000000000e-01 
+3.3676851811e+01 +1.0000000000e+00 -1.6867170218e-30 +3.2476459632e+01 -1.6698498516e-30 +5.4230811297e-29 +9.9000000000e-01 
+3.4031432842e+01 +1.0000000000e+00 -1.6688298365e-30 +3.2831040663e+01 -1.6521415381e-30 +5.4241526019e-29 +9.9000000000e-01 
+3.4388596072e+01 +1.0000000000e+00 -1.6511960048e-30 +3.3188203894e+01 -1.6346840447e-30 +5.4252227377e-29 +9.9000000000e-01 
+3.4748352215e+01 +1.0000000000e+00 -1.6338109789e-30 +3.3547960036e+01 -1.6174728691e-30 +5.4262915172e-29 +9.9000000000e-01 
+3.5110711993e+01 +1.0000000000e+00 -1.6166703001e-30 +3.3910319814e+01 -1.6005035971e-30 +5.4273588841e-29 +9.9000000000e-01 
+3.5475686140e+01 +1.0000000000e+00 -1.5997696154e-30 +3.4275293961e+01 -1.5837719192e-30 +5.4284248099e-29 +9.9000000000e-01 
+3.5843285402e+01 +1.0000000000e+00 -1.5831046614e-30 +3.4642893223e+01 -1.5672736147e-30 +5.4294892487e-29 +9.9000000000e-01 
+3.6213520535e+01 +1.0000000000e+00 -1.5666712731e-30 +3.5013128356e+01 -1.5510045604e-30 +5.4305521753e-29 +9.9000000000e-01 
+3.6586402306e+01 +1.0000000000e+00 -1.5504653621e-30 +3.5386010127e+01 -1.5349607085e-30 +5.4316135175e-29 +9.9000000000e-01 
+3.6961941493e+01 +1.0000000000e+00 -1.5344829596e-30 +3.5761549314e+01 -1.5191381300e-30 +5.4326733152e-29 +9.9000000000e-01 
+3.7340148886e+01 +1.0000000000e+00 -1.5187201373e-30 +3.6139756707e+01 -1.5035329359e-30 +5.4337314505e-29 +9.9000000000e-01 
+3.7721035285e+01 +1.0000000000e+00 -1.5031730938e-30 +3.6520643106e+01 -1.4881413629e-30 +5.4347879604e-29 +9.9000000000e-01 
+3.8104611500e+01 +1.0000000000e+00 -1.4878380809e-30 +3.6904219321e+01 -1.4729597001e-30 +5.4358427822e-29 +9.9000000000e-01 
+3.8490888353e+01 +1.0000000000e+00 -1.4727114434e-30 +3.7290496174e+01 -1.4579843290e-30 +5.4368959041e-29 +9.9000000000e-01 
+3.8879876678e+01 +1.0000000000e+00 -1.4577895954e-30 +3.7679484499e+01 -1.4432116995e-30 +5.4379472858e-29 +9.9000000000e-01 
+3.9271587317e+01 +1.0000000000e+00 -1.4430690361e-30 +3.8071195138e+01 -1.4286383458e-30 +5.4389969244e-29 +9.9000000000e-01 
+3.9666031125e+01 +1.0000000000e+00 -1.4285463251e-30 +3.8465638946e+01 -1.4142608618e-30 +5.4400447686e-29 +9.9000000000e-01 
+4.0063218967e+01 +1.0000000000e+00 -1.4142181105e-30 +3.8862826788e+01 -1.4000759294e-30 +5.4410908336e-29 +9.9000000000e-01 
+4.0463161719e+01 +1.0000000000e+00 -1.4000810865e-30 +3.9262769540e+01 -1.3860802756e-30 +5.4421350427e-29 +9.9000000000e-01 
+4.0865870268e+01 +1.0000000000e+00 -1.3861320461e-30 +3.9665478089e+01 -1.3722707256e-30 +5.4431774398e-29 +9.9000000000e-01 
+4.1271355510e+01 +1.0000000000e+00 -1.3723678235e-30 +4.0070963331e+01 -1.3586441452e-30 +5.4442179723e-29 +9.9000000000e-01 
+4.1679628354e+01 +1.0000000000e+00 -1.3587853257e-30 +4.0479236175e+01 -1.3451974724e-30 +5.4452566187e-29 +9.9000000000e-01 
+4.2090699719e+01 +1.0000000000e+00 -1.3453815258e-30 +4.0890307540e+01 -1.3319277105e-30 +5.4462933704e-29 +9.9000000000e-01 
+4.2504580534e+01 +1.0000000000e+00 -1.3321534601e-30 +4.1304188355e+01 -1.3188319255e-30 +5.4473282259e-29 +9.9000000000e-01 
+4.2921281739e+01 +1.0000000000e+00 -1.3190982141e-30 +4.1720889560e+01 -1.3059072320e-30 +5.4483611401e-29 +9.9000000000e-01 
+4.3340814285e+01 +1.0000000000e+00 -1.3062129468e-30 +4.2140422106e+01 -1.2931508174e-30 +5.4493921290e-29 +9.9000000000e-01 
+4.3763189132e+01 +1.0000000000e+00 -1.2934948620e-30 +4.2562796953e+01 -1.2805599134e-30 +5.4504211581e-29 +9.9000000000e-01 
+4.4188417254e+01 +1.0000000000e+00 -1.2809412267e-30 +4.2988025075e+01 -1.2681318144e-30 +5.4514482236e-29 +9.9000000000e-01 
+4.4616509631e+01 +1.0000000000e+00 -1.2685493610e-30 +4.3416117452e+01 -1.2558638674e-30 +5.4524733172e-29 +9.9000000000e-01 
+4.5047477258e+01 +1.0000000000e+00 -1.2563166356e-30 +4.3847085079e+01 -1.2437534693e-30 +5.4534964185e-29 +9.9000000000e-01 
+4.5481331137e+01 +1.0000000000e+00 -1.2442404773e-30 +4.4280938958e+01 -1.2317980725e-30 +5.4545175257e-29 +9.9000000000e-01 
+4.5918082283e+01 +1.0000000000e+00 -1.2323183608e-30 +4.4717690104e+01 -1.2199951772e-30 +5.4555366263e-29 +9.9000000000e-01 
+4.6357741719e+01 +1.0000000000e+00 -1.2205478137e-30 +4.5157349540e+01 -1.2083423356e-30 +5.4565537213e-29 +9.9000000000e-01 
+4.6800320481e+01 +1.0000000000e+00 -1.2089264049e-30 +4.5599928302e+01 -1.1968371409e-30 +5.4575687813e-29 +9.9000000000e-01 
+4.7245829615e+01 +1.0000000000e+00 -1.1974517591e-30 +4.6045437436e+01 -1.1854772416e-30 +5.4585818157e-29 +9.9000000000e-01 
+4.7694280175e+01 +1.0000000000e+00 -1.1861215419e-30 +4.6493887996e+01 -1.1742603265e-30 +5.4595928099e-29 +9.9000000000e-01 
+4.8145683228e+01 +1.0000000000e+00 -1.1749334692e-30 +4.6945291049e+01 -1.1631841345e-30 +5.4606017738e-29 +9.9000000000e-01 
+4.8600049850e+01 +1.0000000000e+00 -1.1638852928e-30 +4.7399657671e+01 -1.1522464398e-30 +5.4616086801e-29 +9.9000000000e-01 
+4.9057391128e+01 +1.0000000000e+00 -1.1529748127e-30 +4.7856998950e+01 -1.1414450645e-30 +5.4626135254e-29 +9.9000000000e-01 
+4.9517718161e+01 +1.0000000000e+00 -1.1421998722e-30 +4.8317325982e+01 -1.1307778735e-30 +5.4636163124e-29 +9.9000000000e-01 
+4.9981042054e+01 +1.0000000000e+00 -1.1315583584e-30 +4.8780649875e+01 -1.1202427748e-30 +5.4646170572e-29 +9.9000000000e-01 
+5.0447373925e+01 +1.0000000000e+00 -1.1210481855e-30 +4.9246981746e+01 -1.1098377037e-30 +5.4656157134e-29 +9.9000000000e-01 
+5.0916724904e+01 +1.0000000000e+00 -1.1106673222e-30 +4.9716332725e+01 -1.0995606489e-30 +5.4666123075e-29 +9.9000000000e-01 
+5.1389106128e+01 +1.0000000000e+00 -1.1004137667e-30 +5.0188713949e+01 -1.0894096290e-30 +5.4676068245e-29 +9.9000000000e-01 
+5.1864528746e+01 +1.0000000000e+00 -1.0902855582e-30 +5.0664136567e+01 -1.0793827026e-30 +5.4685992655e-29 +9.9000000000e-01 
+5.2343003917e+01 +1.0000000000e+00 -1.0802807715e-30 +5.1142611738e+01 -1.0694779638e-30 +5.4695896265e-29 +9.9000000000e-01 
+5.2824542809e+01 +1.0000000000e+00 -1.0703975203e-30 +5.1624150630e+01 -1.0596935451e-30 +5.4705779193e-29 +9.9000000000e-01 
+5.3309156603e+01 +1.0000000000e+00 -1.0606339454e-30 +5.2108764424e+01 -1.0500276059e-30 +5.4715641156e-29 +9.9000000000e-01 
+5.3796856487e+01 +1.0000000000e+00 -1.0509882336e-30 +5.2596464308e+01 -1.0404783513e-30 +5.4725482467e-29 +9.9000000000e-01 
+5.4287653660e+01 +1.0000000000e+00 -1.0414585939e-30 +5.3087261482e+01 -1.0310440079e-30 +5.4735302848e-29 +9.9000000000e-01 
+5.4781559334e+01 +1.0000000000e+00 -1.0320432742e-30 +5.3581167155e+01 -1.0217228415e-30 +5.4745102357e-29 +9.9000000000e-01 
+5.5278584727e+01 +1.0000000000e+00 -1.0227405563e-30 +5.4078192548e+01 -1.0125131508e-30 +5.4754881124e-29 +9.9000000000e-01 
+5.5778741070e+01 +1.0000000000e+00 -1.0135487459e-30 +5.4578348891e+01 -1.0034132585e-30 +5.4764638902e-29 +9.9000000000e-01 
+5.6282039602e+01 +1.0000000000e+00 -1.0044661944e-30 +5.5081647423e+01 -9.9442153246e-31 +5.4774376241e-29 +9.9000000000e-01 
+5.6788491573e+01 +1.0000000000e+00 -9.9549125610e-31 +5.5588099394e+01 -9.8553634354e-31 +5.4784092221e-29 +9.9000000000e-01 
+5.7298108244e+01 +1.0000000000e+00 -9.8662235253e-31 +5.6097716065e+01 -9.7675612900e-31 +5.4793787990e-29 +9.9000000000e-01 
+5.7810900885e+01 +1.0000000000e+00 -9.7785789089e-31 +5.6610508706e+01 -9.6807931198e-31 +5.4803462319e-29 +9.9000000000e-01 
+5.8326880775e+01 +1.0000000000e+00 -9.6919635260e-31 +5.7126488596e+01 -9.5950438908e-31 +5.4813116540e-29 +9.9000000000e-01 
+5.8846059205e+01 +1.0000000000e+00 -9.6063619997e-31 +5.7645667026e+01 -9.5102983797e-31 +5.4822749371e-29 +9.9000000000e-01 
+5.9368447475e+01 +1.0000000000e+00 -9.5217596692e-31 +5.8168055296e+01 -9.4265420725e-31 +5.4832362053e-29 +9.9000000000e-01 
+5.9894056895e+01 +1.0000000000e+00 -9.4381417161e-31 +5.8693664716e+01 -9.3437602990e-31 +5.4841953418e-29 +9.9000000000e-01 
+6.0422898785e+01 +1.0000000000e+00 -9.3554940014e-31 +5.9222506606e+01 -9.2619390614e-31 +5.4851524725e-29 +9.9000000000e-01 
+6.0954984475e+01 +1.0000000000e+00 -9.2738022133e-31 +5.9754592296e+01 -9.1810641912e-31 +5.4861074759e-29 +9.9000000000e-01 
+6.1490325305e+01 +1.0000000000e+00 -9.1930526978e-31 +6.0289933126e+01 -9.1011221709e-31 +5.4870604705e-29 +9.9000000000e-01 
+6.2028932624e+01 +1.0000000000e+00 -9.1132316650e-31 +6.0828540445e+01 -9.0220993483e-31 +5.4880113511e-29 +9.9000000000e-01 
+6.2570817792e+01 +1.0000000000e+00 -9.0343259271e-31 +6.1370425613e+01 -8.9439826678e-31 +5.4889602299e-29 +9.9000000000e-01 
+6.3115992178e+01 +1.0000000000e+00 -8.9563221680e-31 +6.1915599999e+01 -8.8667589464e-31 +5.4899070021e-29 +9.9000000000e-01 
+6.3664467161e+01 +1.0000000000e+00 -8.8792076264e-31 +6.2464074982e+01 -8.7904155502e-31 +5.4908517605e-29 +9.9000000000e-01 
+6.4216254131e+01 +1.0000000000e+00 -8.8029695260e-31 +6.3015861952e+01 -8.7149398308e-31 +5.4917944530e-29 +9.9000000000e-01 
+6.4771364486e+01 +1.0000000000e+00 -8.7275954470e-31 +6.3570972308e+01 -8.6403194926e-31 +5.4927351119e-29 +9.9000000000e-01 
+6.5329809636e+01 +1.0000000000e+00 -8.6530730982e-31 +6.4129417457e+01 -8.5665423672e-31 +5.4936737163e-29 +9.9000000000e-01 
+6.5891600998e+01 +1.0000000000e+00 -8.5793905189e-31 +6.4691208819e+01 -8.4935966137e-31 +5.4946103216e-29 +9.9000000000e-01 
+6.6456750000e+01 +1.0000000000e+00 -8.5065357410e-31 +6.5256357821e+01 -8.4214703836e-31 +5.4955448473e-29 +9.9000000000e-01 
+6.7025268081e+01 +1.0000000000e+00 -8.4344972668e-31 +6.5824875902e+01 -8.3501522942e-31 +5.4964773853e-29 +9.9000000000e-01 
+6.7597166688e+01 +1.0000000000e+00 -8.3632635545e-31 +6.6396774509e+01 -8.2796309189e-31 +5.4974078714e-29 +9.9000000000e-01 
+6.8172457278e+01 +1.0000000000e+00 -8.2928234624e-31 +6.6972065099e+01 -8.2098952278e-31 +5.4983363765e-29 +9.9000000000e-01 
+6.8751151318e+01 +1.0000000000e+00 -8.2231658088e-31 +6.7550759139e+01 -8.1409341507e-31 +5.4992628198e-29 +9.9000000000e-01 
+6.9333260285e+01 +1.0000000000e+00 -8.1542798856e-31 +6.8132868106e+01 -8.0727370867e-31 +5.5001873119e-29 +9.9000000000e-01 
+6.9918795666e+01 +1.0000000000e+00 -8.0861548268e-31 +6.8718403487e+01 -8.0052932785e-31 +5.5011097354e-29 +9.9000000000e-01 
+7.0507768955e+01 +1.0000000000e+00 -8.0187803285e-31 +6.9307376776e+01 -7.9385925252e-31 +5.5020302322e-29 +9.9000000000e-01 
+7.1100191659e+01 +1.0000000000e+00 -7.9521458517e-31 +6.9899799480e+01 -7.8726243931e-31 +5.5029486646e-29 +9.9000000000e-01 
+7.1696075293e+01 +1.0000000000e+00 -7.8862414376e-31 +7.0495683114e+01 -7.8073790232e-31 +5.5038651758e-29 +9.9000000000e-01 
+7.2295431382e+01 +1.0000000000e+00 -7.8210569110e-31 +7.1095039203e+01 -7.7428463419e-31 +5.5047796422e-29 +9.9000000000e-01 
+7.2898271459e+01 +1.0000000000e+00 -7.7565826071e-31 +7.1697879280e+01 -7.6790167810e-31 +5.5056921816e-29 +9.9000000000e-01 
+7.3504607069e+01 +1.0000000000e+00 -7.6928087398e-31 +7.2304214890e+01 -7.6158806524e-31 +5.5066027127e-29 +9.9000000000e-01 
+7.4114449766e+01 +1.0000000000e+00 -7.6297258906e-31 +7.2914057587e+01 -7.5534286317e-31 +5.5075113023e-29 +9.9000000000e-01 
+7.4727811111e+01 +1.0000000000e+00 -7.5673246481e-31 +7.3527418932e+01 -7.4916514016e-31 +5.5084179109e-29 +9.9000000000e-01 
+7.5344702677e+01 +1.0000000000e+00 -7.5055958618e-31 +7.4144310498e+01 -7.4305399032e-31 +5.5093225775e-29 +9.9000000000e-01 
+7.5965136047e+01 +1.0000000000e+00 -7.4445304437e-31 +7.4764743869e+01 -7.3700851393e-31 +5.5102252773e-29 +9.9000000000e-01 
+7.6589122812e+01 +1.0000000000e+00 -7.3841195482e-31 +7.5388730633e+01 -7.3102783528e-31 +5.5111260559e-29 +9.9000000000e-01 
+7.7216674573e+01 +1.0000000000e+00 -7.3243543555e-31 +7.6016282394e+01 -7.2511108119e-31 +5.5120248715e-29 +9.9000000000e-01 
+7.7847802939e+01 +1.0000000000e+00 -7.2652263027e-31 +7.6647410760e+01 -7.1925740397e-31 +5.5129217684e-29 +9.9000000000e-01 
+7.8482519531e+01 +1.0000000000e+00 -7.2067268970e-31 +7.7282127352e+01 -7.1346596280e-31 +5.5138167398e-29 +9.9000000000e-01 
+7.9120835977e+01 +1.0000000000e+00 -7.1488477739e-31 +7.7920443799e+01 -7.0773592961e-31 +5.5147097728e-29 +9.9000000000e-01 
+7.9762763917e+01 +1.0000000000e+00 -7.0915807784e-31 +7.8562371739e+01 -7.0206649707e-31 +5.5156009128e-29 +9.9000000000e-01 
+8.0408314999e+01 +1.0000000000e+00 -7.0349177814e-31 +7.9207922820e+01 -6.9645686036e-31 +5.5164901243e-29 +9.9000000000e-01 
+8.1057500879e+01 +1.0000000000e+00 -6.9788508702e-31 +7.9857108700e+01 -6.9090623615e-31 +5.5173774401e-29 +9.9000000000e-01 
+8.1710333224e+01 +1.0000000000e+00 -6.9233722131e-31 +8.0509941045e+01 -6.8541384910e-31 +5.5182628582e-29 +9.9000000000e-01 
+8.2366823710e+01 +1.0000000000e+00 -6.8684741070e-31 +8.1166431531e+01 -6.7997893659e-31 +5.5191463799e-29 +9.9000000000e-01 
+8.3026984022e+01 +1.0000000000e+00 -6.8141489808e-31 +8.1826591844e+01 -6.7460074910e-31 +5.5200280154e-29 +9.9000000000e-01 
+8.3690825856e+01 +1.0000000000e+00 -6.7603893924e-31 +8.2490433677e+01 -6.6927854985e-31 +5.5209077828e-29 +9.9000000000e-01 
+8.4358360915e+01 +1.0000000000e+00 -6.7071879617e-31 +8.3157968736e+01 -6.6401160821e-31 +5.5217856556e-29 +9.9000000000e-01 
+8.5029600912e+01 +1.0000000000e+00 -6.6545375257e-31 +8.3829208733e+01 -6.5879921504e-31 +5.5226616911e-29 +9.9000000000e-01 
+8.5704557570e+01 +1.0000000000e+00 -6.6024308843e-31 +8.4504165391e+01 -6.5364065755e-31 +5.5235358232e-29 +9.9000000000e-01 
+8.6383242620e+01 +1.0000000000e+00 -6.5508611353e-31 +8.5182850441e+01 -6.4853525240e-31 +5.5244081411e-29 +9.9000000000e-01 
+8.7065667804e+01 +1.0000000000e+00 -6.4998213029e-31 +8.5865275625e+01 -6.4348230898e-31 +5.5252785821e-29 +9.9000000000e-01 
+8.7751844871e+01 +1.0000000000e+00 -6.4493046682e-31 +8.6551452692e+01 -6.3848116215e-31 +5.5261472101e-29 +9.9000000000e-01 
+8.8441785581e+01 +1.0000000000e+00 -6.3993044687e-31 +8.7241393402e+01 -6.3353114240e-31 +5.5270139627e-29 +9.9000000000e-01 
+8.9135501703e+01 +1.0000000000e+00 -6.3498142206e-31 +8.7935109524e+01 -6.2863160784e-31 +5.5278789286e-29 +9.9000000000e-01 
+8.9833005014e+01 +1.0000000000e+00 -6.3008273284e-31 +8.8632612835e+01 -6.2378190551e-31 +5.5287420125e-29 +9.9000000000e-01 
+9.0534307301e+01 +1.0000000000e+00 -6.2523375509e-31 +8.9333915122e+01 -6.1898141754e-31 +5.5296033417e-29 +9.9000000000e-01 
+9.1239420360e+01 +1.0000000000e+00 -6.2043384707e-31 +9.0039028181e+01 -6.1422950860e-31 +5.5304628035e-29 +9.9000000000e-01 
+9.1948355996e+01 +1.0000000000e+00 -6.1568240248e-31 +9.0747963817e+01 -6.0952557846e-31 +5.5313205139e-29 +9.9000000000e-01 
+9.2661126025e+01 +1.0000000000e+00 -6.1097879885e-31 +9.1460733846e+01 -6.0486901087e-31 +5.5321763614e-29 +9.9000000000e-01 
+9.3377742268e+01 +1.0000000000e+00 -6.0632245065e-31 +9.2177350089e+01 -6.0025922614e-31 +5.5330304833e-29 +9.9000000000e-01 
+9.4098216559e+01 +1.0000000000e+00 -6.0171275341e-31 +9.2897824380e+01 -5.9569562588e-31 +5.5338827637e-29 +9.9000000000e-01 
+9.4822560740e+01 +1.0000000000e+00 -5.9714913555e-31 +9.3622168561e+01 -5.9117764420e-31 +5.5347333054e-29 +9.9000000000e-01 
+9.5550786660e+01 +1.0000000000e+00 -5.9263101428e-31 +9.4350394481e+01 -5.8670470414e-31 +5.5355820279e-29 +9.9000000000e-01 
+9.6282906181e+01 +1.0000000000e+00 -5.8815783583e-31 +9.5082514002e+01 -5.8227625747e-31 +5.5364290404e-29 +9.9000000000e-01 
+9.7018931169e+01 +1.0000000000e+00 -5.8372903156e-31 +9.5818538990e+01 -5.7789174125e-31 +5.5372742341e-29 +9.9000000000e-01 
+9.7758873504e+01 +1.0000000000e+00 -5.7934406441e-31 +9.6558481325e+01 -5.7355062377e-31 +5.5381177194e-29 +9.9000000000e-01 
+9.8502745072e+01 +1.0000000000e+00 -5.7500238484e-31 +9.7302352893e+01 -5.6925236100e-31 +5.5389594115e-29 +9.9000000000e-01 
+9.9250557768e+01 +1.0000000000e+00 -5.7070346847e-31 +9.8050165589e+01 -5.6499643379e-31 +5.5397993890e-29 +9.9000000000e-01 
+1.0000232350e+02 +1.0000000000e+00 -5.6644678707e-31 +9.8801931319e+01 -5.6078231920e-31 +5.5406376186e-29 +9.9000000000e-01 
+1.0075805418e+02 +1.0000000000e+00 -5.6223182689e-31 +9.9557661997e+01 -5.5660950862e-31 +5.5414741324e-29 +9.9000000000e-01 
+1.0151776172e+02 +1.0000000000e+00 -5.5805807459e-31 +1.0031736954e+02 -5.5247749384e-31 +5.5423088915e-29 +9.9000000000e-01 
+1.0228145807e+02 +1.0000000000e+00 -5.5392503627e-31 +1.0108106589e+02 -5.4838578590e-31 +5.5431419760e-29 +9.9000000000e-01 
+1.0304915516e+02 +1.0000000000e+00 -5.4983220940e-31 +1.0184876298e+02 -5.4433388731e-31 +5.5439733073e-29 +9.9000000000e-01 
+1.0382086495e+02 +1.0000000000e+00 -5.4577911443e-31 +1.0262047277e+02 -5.4032132329e-31 +5.5448029642e-29 +9.9000000000e-01 
+1.0459659938e+02 +1.0000000000e+00 -5.4176526628e-31 +1.0339620720e+02 -5.3634761362e-31 +5.5456308989e-29 +9.9000000000e-01 
+1.0537637043e+02 +1.0000000000e+00 -5.3779019603e-31 +1.0417597825e+02 -5.3241229407e-31 +5.5464571568e-29 +9.9000000000e-01 
+1.0616019007e+02 +1.0000000000e+00 -5.3385343459e-31 +1.0495979790e+02 -5.2851490025e-31 +5.5472817115e-29 +9.9000000000e-01 
+1.0694807030e+02 +1.0000000000e+00 -5.2995452628e-31 +1.0574767812e+02 -5.2465498102e-31 +5.5481046055e-29 +9.9000000000e-01 
+1.0774002309e+02 +1.0000000000e+00 -5.2609301338e-31 +1.0653963091e+02 -5.2083208324e-31 +5.5489257916e-29 +9.9000000000e-01 
+1.0853606046e+02 +1.0000000000e+00 -5.2226845747e-31 +1.0733566828e+02 -5.1704577289e-31 +5.5497453566e-29 +9.9000000000e-01 
+1.0933619442e+02 +1.0000000000e+00 -5.1848040966e-31 +1.0813580224e+02 -5.1329560556e-31 +5.5505632093e-29 +9.9000000000e-01 
+1.1014043698e+02 +1.0000000000e+00 -5.1472844511e-31 +1.0894004480e+02 -5.0958116066e-31 +5.5513794473e-29 +9.9000000000e-01 
+1.1094880018e+02 +1.0000000000e+00 -5.1101212946e-31 +1.0974840800e+02 -5.0590200816e-31 +5.5521940001e-29 +9.9000000000e-01 
+1.1176129605e+02 +1.0000000000e+00 -5.0733104741e-31 +1.1056090388e+02 -5.0225773694e-31 +5.5530069374e-29 +9.9000000000e-01 
+1.1257793665e+02 +1.0000000000e+00 -5.0368477946e-31 +1.1137754447e+02 -4.9864793167e-31 +5.5538182184e-29 +9.9000000000e-01 
+1.1339873402e+02 +1.0000000000e+00 -5.0007291879e-31 +1.1219834184e+02 -4.9507218960e-31 +5.5546278765e-29 +9.9000000000e-01 
+1.1422370023e+02 +1.0000000000e+00 -4.9649506002e-31 +1.1302330805e+02 -4.9153010942e-31 +5.5554358974e-29 +9.9000000000e-01 
+1.1505284736e+02 +1.0000000000e+00 -4.9295080808e-31 +1.1385245518e+02 -4.8802130000e-31 +5.5562423184e-29 +9.9000000000e-01 
+1.1588618747e+02 +1.0000000000e+00 -4.8943976625e-31 +1.1468579530e+02 -4.8454536859e-31 +5.5570470953e-29 +9.9000000000e-01 
+1.1672373268e+02 +1.0000000000e+00 -4.8596155285e-31 +1.1552334050e+02 -4.8110193732e-31 +5.5578502921e-29 +9.9000000000e-01 
+1.1756549507e+02 +1.0000000000e+00 -4.8251578255e-31 +1.1636510289e+02 -4.7769062472e-31 +5.5586518695e-29 +9.9000000000e-01 
+1.1841148675e+02 +1.0000000000e+00 -4.7910208120e-31 +1.1721109457e+02 -4.7431106039e-31 +5.5594518555e-29 +9.9000000000e-01 
+1.1926171984e+02 +1.0000000000e+00 -4.7572007742e-31 +1.1806132766e+02 -4.7096287665e-31 +5.5602502496e-29 +9.9000000000e-01 
+1.2011620646e+02 +1.0000000000e+00 -4.7236940682e-31 +1.1891581428e+02 -4.6764571275e-31 +5.5610470728e-29 +9.9000000000e-01 
+1.2097495875e+02 +1.0000000000e+00 -4.6904970479e-31 +1.1977456658e+02 -4.6435920774e-31 +5.5618422843e-29 +9.9000000000e-01 
+1.2183798886e+02 +1.0000000000e+00 -4.6576062256e-31 +1.2063759668e+02 -4.6110301633e-31 +5.5626359710e-29 +9.9000000000e-01 
+1.2270530892e+02 +1.0000000000e+00 -4.6250180085e-31 +1.2150491674e+02 -4.5787678285e-31 +5.5634280376e-29 +9.9000000000e-01 
+1.2357693110e+02 +1.0000000000e+00 -4.5927290228e-31 +1.2237653892e+02 -4.5468017326e-31 +5.5642185918e-29 +9.9000000000e-01 
+1.2445286757e+02 +1.0000000000e+00 -4.5607357877e-31 +1.2325247539e+02 -4.5151284299e-31 +5.5650075568e-29 +9.9000000000e-01 
+1.2533313050e+02 +1.0000000000e+00 -4.5290349808e-31 +1.2413273833e+02 -4.4837446310e-31 +5.5657949899e-29 +9.9000000000e-01 
+1.2621773209e+02 +1.0000000000e+00 -4.4976232609e-31 +1.2501733991e+02 -4.4526470283e-31 +5.5665808705e-29 +9.9000000000e-01 
+1.2710668452e+02 +1.0000000000e+00 -4.4664973534e-31 +1.2590629234e+02 -4.4218323798e-31 +5.5673652031e-29 +9.9000000000e-01 
+1.2800000000e+02 +0.0000000000e+00 +0.0000000000e+00 +0.0000000000e+00 +0.0000000000e+00 +0.0000000000e+00 +0.0000000000e+00 
