+0.0000000000e+00 +0.0000000000e+00 +4.7055800249e-01 +0.0000000000e+00 +4.7055800249e-01 -0.0000000000e+00 +0.0000000000e+00 
+5.4738143480e-02 +2.5757222978e-02 +4.7054892370e-01 +7.0495128351e-04 +4.7054892370e-01 -3.3171406771e-04 +2.5757222978e-02 
+1.1611119270e-01 +5.4634527511e-02 +4.7049294726e-01 +3.1718947134e-03 +4.7049294726e-01 -1.4923540921e-03 +5.4634527511e-02 
+1.8455639788e-01 +8.6831351608e-02 +4.7031288459e-01 +8.0132252744e-03 +4.7031288459e-01 -3.7687230937e-03 +8.6831351608e-02 
+2.6051787932e-01 +1.2254075437e-01 +4.6988475460e-01 +1.5965332945e-02 +4.6988475460e-01 -7.5018665529e-03 +1.2254075437e-01 
+3.4444642107e-01 +1.6194123005e-01 +4.6902052989e-01 +2.7903411999e-02 +4.6902052989e-01 -1.3087273081e-02 +1.6194123005e-01 
+4.3679927948e-01 +2.0518397386e-01 +4.6744737281e-01 +4.4855942987e-02 +4.6744737281e-01 -2.0967792704e-02 +2.0518397386e-01 
+5.3804000487e-01 +2.5237387042e-01 +4.6478412535e-01 +6.8017687018e-02 +4.6478412535e-01 -3.1613541169e-02 +2.5237387042e-01 
+6.4863827505e-01 +3.0354223731e-01 +4.6051727061e-01 +9.8759366959e-02 +4.6051727061e-01 -4.5480394119e-02 +3.0354223731e-01 
+7.6906973945e-01 +3.5860942341e-01 +4.5398105220e-01 +1.3863131404e-01 +4.5398105220e-01 -6.2935989814e-02 +3.5860942341e-01 
+8.9981587271e-01 +4.1733609315e-01 +4.4435021411e-01 +1.8935725199e-01 +4.4435021411e-01 -8.4140935466e-02 +4.1733609315e-01 
+1.0413638371e+00 +4.7926397083e-01 +4.3065887500e-01 +2.5281320895e-01 +4.3065887500e-01 -1.0887625215e-01 +4.7926397083e-01 
+1.1942063525e+00 +5.4365066201e-01 +4.1186443716e-01 +3.3098563174e-01 +4.1186443716e-01 -1.3632121093e-01 +5.4365066201e-01 
+1.3588415741e+00 +6.0940949474e-01 +3.8697838764e-01 +4.2590278894e-01 +3.8697838764e-01 -1.6481517455e-01 +6.0940949474e-01 
+1.5357729758e+00 +6.7507398127e-01 +3.5528088223e-01 +5.3953551988e-01 +3.5528088223e-01 -1.9168665550e-01 +6.7507398127e-01 
+1.7255092406e+00 +7.3881550251e-01 +3.1661514495e-01 +6.7366857458e-01 +3.1661514495e-01 -2.1329367339e-01 +7.3881550251e-01 
+1.9285641555e+00 +7.9854709141e-01 +2.7171426255e-01 +8.2975308995e-01 +2.7171426255e-01 -2.2545574893e-01 +7.9854709141e-01 
+2.1454565127e+00 +8.5213741613e-01 +2.2245091157e-01 +1.0087635168e+00 +2.2245091157e-01 -2.2440036387e-01 +8.5213741613e-01 
+2.3767100141e+00 +8.9772887428e-01 +1.7184762119e-01 +1.2110948702e+00 +1.7184762119e-01 -2.0812377247e-01 +8.9772887428e-01 
+2.6228531815e+00 +9.3410193385e-01 +1.2369630914e-01 +1.4365411888e+00 +1.2369630914e-01 -1.7769484299e-01 +9.3410193385e-01 
+2.8844192701e+00 +9.6097282551e-01 +8.1765276608e-02 +1.6843848350e+00 +8.1765276608e-02 -1.3772419195e-01 +9.6097282551e-01 
+3.1619461854e+00 +9.7909155443e-01 +4.8807492504e-02 +1.9535948764e+00 +4.8807492504e-02 -9.5350067287e-02 +9.7909155443e-01 
+3.4559764050e+00 +9.9005908141e-01 +2.5793866446e-02 +2.2430897734e+00 +2.5793866446e-02 -5.7857958042e-02 +9.9005908141e-01 
+3.7670569022e+00 +9.9590356293e-01 +1.1781497954e-02 +2.5519868968e+00 +1.1781497954e-02 -3.0066228404e-02 +9.9590356293e-01 
+4.0957390734e+00 +9.9858093866e-01 +4.5100807548e-03 +2.8797626449e+00 +4.5100807548e-03 -1.2987962083e-02 +9.9858093866e-01 
+4.4425786682e+00 +9.9960370468e-01 +1.3875505003e-03 +3.2262874210e+00 +1.3875505003e-03 -4.4766367252e-03 +9.9960370468e-01 
+4.8081357226e+00 +9.9991621168e-01 +3.2220723608e-04 +3.5917567264e+00 +3.2220723608e-04 -1.1572900075e-03 +9.9991621168e-01 
+5.1929744938e+00 +9.9998796358e-01 +5.0686069071e-05 +3.9765770591e+00 +5.0686069071e-05 -2.0155705948e-04 +9.9998796358e-01 
+5.5976633983e+00 +9.9999907774e-01 +4.2408729679e-06 +4.3812633415e+00 +4.2408729679e-06 -1.8580381270e-05 +9.9999907774e-01 
+6.0227749521e+00 +9.9999998991e-01 +5.0546982281e-08 +4.8063746971e+00 +5.0546982281e-08 -2.4294773665e-07 +9.9999998991e-01 
+6.4688857122e+00 +1.0000000005e+00 -2.9025340230e-09 +5.2524854551e+00 -2.9025340230e-09 +1.5245517739e-08 +1.0000000005e+00 
+6.9365762213e+00 +9.9999999994e-01 +3.5974423795e-10 +5.7201759643e+00 +3.5974423795e-10 -2.0578003432e-09 +9.9999999994e-01 
+7.4264309536e+00 +1.0000000000e+00 -6.7390116845e-11 +6.2100306965e+00 -6.7390116845e-11 +4.1849469425e-10 +1.0000000000e+00 
+7.9390382624e+00 +1.0000000000e+00 +1.6670233892e-11 +6.7226380053e+00 +1.6670233892e-11 -1.1206794792e-10 +1.0000000000e+00 
+8.4749903299e+00 +1.0000000000e+00 -5.0667569672e-12 +7.2585900729e+00 -5.0667569672e-12 +3.6777511824e-11 +1.0000000000e+00 
+9.0348831184e+00 +1.0000000000e+00 +1.8087968289e-12 +7.8184828614e+00 +1.8087968289e-12 -1.4142047006e-11 +1.0000000000e+00 
+9.6193163225e+00 +1.0000000000e+00 -7.3535271357e-13 +8.4029160655e+00 -7.3535271357e-13 +6.1791071306e-12 +1.0000000000e+00 
+1.0228893324e+01 +1.0000000000e+00 +3.3286171205e-13 +9.0124930665e+00 +3.3286171205e-13 -2.9999138719e-12 +1.0000000000e+00 
+1.0864221145e+01 +1.0000000000e+00 -1.6491319570e-13 +9.6478208881e+00 -1.6491319570e-13 +1.5910529742e-12 +1.0000000000e+00 
+1.1525910410e+01 +1.0000000000e+00 +8.8234133686e-14 +1.0309510153e+01 +8.8234133686e-14 -9.0965069704e-13 +1.0000000000e+00 
+1.2214575297e+01 +1.0000000000e+00 -5.0434060584e-14 +1.0998175039e+01 -5.0434060584e-14 +5.5468262625e-13 +1.0000000000e+00 
+1.2930833502e+01 +1.0000000000e+00 +3.0527278840e-14 +1.1714433245e+01 +3.0527278840e-14 -3.5760977011e-13 +1.0000000000e+00 
+1.3675306197e+01 +1.0000000000e+00 -1.9424628826e-14 +1.2458905940e+01 -1.9424628826e-14 +2.4200962347e-13 +1.0000000000e+00 
+1.4448617995e+01 +1.0000000000e+00 +1.2913738926e-14 +1.3232217738e+01 +1.2913738926e-14 -1.7087740527e-13 +1.0000000000e+00 
+1.5251396905e+01 +1.0000000000e+00 -8.9233284018e-15 +1.4034996648e+01 -8.9233284018e-15 +1.2523888420e-13 +1.0000000000e+00 
+1.6084274303e+01 +1.0000000000e+00 +6.3803947202e-15 +1.4867874046e+01 +6.3803947202e-15 -9.4862905064e-14 +1.0000000000e+00 
+1.6947884895e+01 +1.0000000000e+00 -4.7027744363e-15 +1.5731484638e+01 -4.7027744363e-15 +7.3981623801e-14 +1.0000000000e+00 
+1.7842866679e+01 +1.0000000000e+00 +3.5613165994e-15 +1.6626466422e+01 +3.5613165994e-15 -5.9212110858e-14 +1.0000000000e+00 
+1.8769860915e+01 +1.0000000000e+00 -2.7629179488e-15 +1.7553460657e+01 -2.7629179488e-15 +4.8498771515e-14 +1.0000000000e+00 
+1.9729512089e+01 +1.0000000000e+00 +2.1904604769e-15 +1.8513111832e+01 +2.1904604769e-15 -4.0552239772e-14 +1.0000000000e+00 
+2.0722467886e+01 +1.0000000000e+00 -1.7707452419e-15 +1.9506067629e+01 -1.7707452419e-15 +3.4540276442e-14 +1.0000000000e+00 
+2.1749379152e+01 +1.0000000000e+00 +1.4567592972e-15 +2.0532978895e+01 +1.4567592972e-15 -2.9911607905e-14 +1.0000000000e+00 
+2.2810899870e+01 +1.0000000000e+00 -1.2175501871e-15 +2.1594499613e+01 -1.2175501871e-15 +2.6292387045e-14 +1.0000000000e+00 
+2.3907687125e+01 +1.0000000000e+00 +1.0322731285e-15 +2.2691286868e+01 +1.0322731285e-15 -2.3423605685e-14 +1.0000000000e+00 
+2.5040401079e+01 +1.0000000000e+00 -8.8659661952e-16 +2.3824000822e+01 -8.8659661952e-16 +2.1122278592e-14 +1.0000000000e+00 
+2.6209704940e+01 +1.0000000000e+00 +7.7047824873e-16 +2.4993304683e+01 +7.7047824873e-16 -1.9256797622e-14 +1.0000000000e+00 
+2.7416264934e+01 +1.0000000000e+00 -6.7675697618e-16 +2.6199864677e+01 -6.7675697618e-16 +1.7730941196e-14 +1.0000000000e+00 
+2.8660750282e+01 +1.0000000000e+00 +6.0024342731e-16 +2.7444350025e+01 +6.0024342731e-16 -1.6473290719e-14 +1.0000000000e+00 
+2.9943833168e+01 +1.0000000000e+00 -5.3712058411e-16 +2.8727432911e+01 -5.3712058411e-16 +1.5430095545e-14 +1.0000000000e+00 
+3.1266188716e+01 +1.0000000000e+00 +4.8454185030e-16 +3.0049788459e+01 +4.8454185030e-16 -1.4560380101e-14 +1.0000000000e+00 
+3.2628494965e+01 +1.0000000000e+00 -4.4035697751e-16 +3.1412094708e+01 -4.4035697751e-16 +1.3832535083e-14 +1.0000000000e+00 
+3.4031432842e+01 +1.0000000000e+00 +4.0292226821e-16 +3.2815032585e+01 +4.0292226821e-16 -1.3221907361e-14 +1.0000000000e+00 
+3.5475686140e+01 +1.0000000000e+00 -3.7096723235e-16 +3.4259285883e+01 -3.7096723235e-16 +1.2709072466e-14 +1.0000000000e+00 
+3.6961941493e+01 +1.0000000000e+00 +3.4349963541e-16 +3.5745541236e+01 +3.4349963541e-16 -1.2278580382e-14 +1.0000000000e+00 
+3.8490888353e+01 +1.0000000000e+00 -3.1973702643e-16 +3.7274488096e+01 -3.1973702643e-16 +1.1918033985e-14 +1.0000000000e+00 
+4.0063218967e+01 +1.0000000000e+00 +2.9905677381e-16 +3.8846818710e+01 +2.9905677381e-16 -1.1617404276e-14 +1.0000000000e+00 
+4.1679628354e+01 +1.0000000000e+00 -2.8095919924e-16 +4.0463228097e+01 -2.8095919924e-16 +1.1368516165e-14 +1.0000000000e+00 
+4.3340814285e+01 +1.0000000000e+00 +2.6504009020e-16 +4.2124414028e+01 +2.6504009020e-16 -1.1164658493e-14 +1.0000000000e+00 
+4.5047477258e+01 +1.0000000000e+00 -2.5097000278e-16 +4.3831077001e+01 -2.5097000278e-16 +1.1000285517e-14 +1.0000000000e+00 
+4.6800320481e+01 +1.0000000000e+00 +2.3847853182e-16 +4.5583920224e+01 +2.3847853182e-16 -1.0870786370e-14 +1.0000000000e+00 
+4.8600049850e+01 +1.0000000000e+00 -2.2734225110e-16 +4.7383649593e+01 -2.2734225110e-16 +1.0772305564e-14 +1.0000000000e+00 
+5.0447373925e+01 +1.0000000000e+00 +2.1737539027e-16 +4.9230973668e+01 +2.1737539027e-16 -1.0701602115e-14 +1.0000000000e+00 
+5.2343003917e+01 +1.0000000000e+00 -2.0842257077e-16 +5.1126603660e+01 -2.0842257077e-16 +1.0655938169e-14 +1.0000000000e+00 
+5.4287653660e+01 +1.0000000000e+00 +2.0035310364e-16 +5.3071253403e+01 +2.0035310364e-16 -1.0632990333e-14 +1.0000000000e+00 
+5.6282039602e+01 +1.0000000000e+00 -1.9305648181e-16 +5.5065639345e+01 -1.9305648181e-16 +1.0630778600e-14 +1.0000000000e+00 
+5.8326880775e+01 +1.0000000000e+00 +1.8643879258e-16 +5.7110480518e+01 +1.8643879258e-16 -1.0647609031e-14 +1.0000000000e+00 
+6.0422898785e+01 +1.0000000000e+00 -1.8041984425e-16 +5.9206498528e+01 -1.8041984425e-16 +1.0682027243e-14 +1.0000000000e+00 
+6.2570817792e+01 +1.0000000000e+00 +1.7493085070e-16 +6.1354417534e+01 +1.7493085070e-16 -1.0732780454e-14 +1.0000000000e+00 
+6.4771364486e+01 +1.0000000000e+00 -1.6991255476e-16 +6.3554964229e+01 -1.6991255476e-16 +1.0798786340e-14 +1.0000000000e+00 
+6.7025268081e+01 +1.0000000000e+00 +1.6531369880e-16 +6.5808867824e+01 +1.6531369880e-16 -1.0879107354e-14 +1.0000000000e+00 
+6.9333260285e+01 +1.0000000000e+00 -1.6108977178e-16 +6.8116860028e+01 -1.6108977178e-16 +1.0972929436e-14 +1.0000000000e+00 
+7.1696075293e+01 +1.0000000000e+00 +1.5720197748e-16 +7.0479675036e+01 +1.5720197748e-16 -1.1079544288e-14 +1.0000000000e+00 
+7.4114449766e+01 +1.0000000000e+00 -1.5361638094e-16 +7.2898049509e+01 -1.5361638094e-16 +1.1198334543e-14 +1.0000000000e+00 
+7.6589122812e+01 +1.0000000000e+00 +1.5030319893e-16 +7.5372722555e+01 +1.5030319893e-16 -1.1328761312e-14 +1.0000000000e+00 
+7.9120835977e+01 +1.0000000000e+00 -1.4723620764e-16 +7.7904435720e+01 -1.4723620764e-16 +1.1470353673e-14 +1.0000000000e+00 
+8.1710333224e+01 +1.0000000000e+00 +1.4439224603e-16 +8.0493932967e+01 +1.4439224603e-16 -1.1622699773e-14 +1.0000000000e+00 
+8.4358360915e+01 +1.0000000000e+00 -1.4175079789e-16 +8.3141960658e+01 -1.4175079789e-16 +1.1785439261e-14 +1.0000000000e+00 
+8.7065667804e+01 +1.0000000000e+00 +1.3929363848e-16 +8.5849267547e+01 +1.3929363848e-16 -1.1958256837e-14 +1.0000000000e+00 
+8.9833005014e+01 +1.0000000000e+00 -1.3700453494e-16 +8.8616604757e+01 -1.3700453494e-16 +1.2140876723e-14 +1.0000000000e+00 
+9.2661126025e+01 +1.0000000000e+00 +1.3486899122e-16 +9.1444725768e+01 +1.3486899122e-16 -1.2333057916e-14 +1.0000000000e+00 
+9.5550786660e+01 +1.0000000000e+00 -1.3287403014e-16 +9.4334386403e+01 -1.3287403014e-16 +1.2534590102e-14 +1.0000000000e+00 
+9.8502745072e+01 +1.0000000000e+00 +1.3100800672e-16 +9.7286344815e+01 +1.3100800672e-16 -1.2745290115e-14 +1.0000000000e+00 
+1.0151776172e+02 +1.0000000000e+00 -1.2926044755e-16 +1.0030136147e+02 -1.2926044755e-16 +1.2964998873e-14 +1.0000000000e+00 
+1.0459659938e+02 +1.0000000000e+00 +1.2762191237e-16 +1.0338019912e+02 +1.2762191237e-16 -1.3193578713e-14 +1.0000000000e+00 
+1.0774002309e+02 +1.0000000000e+00 -1.2608387427e-16 +1.0652362283e+02 -1.2608387427e-16 +1.3430911068e-14 +1.0000000000e+00 
+1.1094880018e+02 +1.0000000000e+00 +1.2463861580e-16 +1.0973239992e+02 +1.2463861580e-16 -1.3676894435e-14 +1.0000000000e+00 
+1.1422370023e+02 +1.0000000000e+00 -1.2327913856e-16 +1.1300729997e+02 -1.2327913856e-16 +1.3931442592e-14 +1.0000000000e+00 
+1.1756549507e+02 +1.0000000000e+00 +1.2199908440e-16 +1.1634909481e+02 +1.2199908440e-16 -1.4194483038e-14 +1.0000000000e+00 
+1.2097495875e+02 +1.0000000000e+00 -1.2079266646e-16 +1.1975855850e+02 -1.2079266646e-16 +1.4465955613e-14 +1.0000000000e+00 
+1.2445286757e+02 +1.0000000000e+00 +1.1965460878e-16 +1.2323646731e+02 +1.1965460878e-16 -1.4745811283e-14 +1.0000000000e+00 
+1.2800000000e+02 +0.0000000000e+00 +0.0000000000e+00 +0.0000000000e+00 +0.0000000000e+00 +0.0000000000e+00 +0.0000000000e+00 
