+0.0000000000e+00 +0.0000000000e+00 +5.2649206981e-01 +0.0000000000e+00 +3.6837471017e-01 +0.0000000000e+00 +0.0000000000e+00 
+7.5000000000e-02 +3.9485479780e-02 +5.2645405766e-01 +1.9253735295e-03 +3.6836303491e-01 +8.6578779106e-05 +2.7627665441e-02 
+1.5000000000e-01 +7.8962408834e-02 +5.2626405044e-01 +7.7008674267e-03 +3.6836431855e-01 +3.4522870044e-04 +5.5254941196e-02 
+2.2500000000e-01 +1.1841370151e-01 +5.2577042088e-01 +1.7323892550e-02 +3.6839128161e-01 +7.7019625203e-04 +8.2883276202e-02 
+3.0000000000e-01 +1.5781094268e-01 +5.2482267698e-01 +3.0788303813e-02 +3.6845589050e-01 +1.3465865246e-03 +1.1051504516e-01 
+3.7500000000e-01 +1.9711452013e-01 +5.2327272176e-01 +4.8082644577e-02 +3.6856850760e-01 +2.0460069595e-03 +1.3815346009e-01 
+4.5000000000e-01 +2.3627386941e-01 +5.2097659230e-01 +6.9188428799e-02 +3.6873672794e-01 +2.8225885450e-03 +1.6580240642e-01 
+5.2500000000e-01 +2.7522786573e-01 +5.1779664289e-01 +9.4078486888e-02 +3.6896394032e-01 +3.6096454758e-03 +1.9346618148e-01 
+6.0000000000e-01 +3.1390539422e-01 +5.1360411687e-01 +1.2271540769e-01 +3.6924767248e-01 +4.3172859205e-03 +2.2114911696e-01 
+6.7500000000e-01 +3.5222612465e-01 +5.0828202802e-01 +1.5505011451e-01 +3.6957780407e-01 +4.8313150223e-03 +2.4885507233e-01 
+7.5000000000e-01 +3.9010150996e-01 +5.0172824687e-01 +1.9102061714e-01 +3.6993475738e-01 +5.0137681432e-03 +2.7658679338e-01 
+8.2500000000e-01 +4.2743601906e-01 +4.9385866247e-01 +2.3055098434e-01 +3.7028779911e-01 +4.7053700289e-03 +3.0434513925e-01 
+9.0000000000e-01 +4.6412860394e-01 +4.8461026773e-01 +2.7355058115e-01 +3.7059360598e-01 +3.7301288302e-03 +3.3212819194e-01 
+9.7500000000e-01 +5.0007438897e-01 +4.7394399956e-01 +3.1991361313e-01 +3.7079525747e-01 +1.9021415772e-03 +3.5993027432e-01 
+1.0500000000e+00 +5.3516655732e-01 +4.6184715664e-01 +3.6951901452e-01 +3.7082181873e-01 -9.6548585644e-04 +3.8774091468e-01 
+1.1250000000e+00 +5.6929839643e-01 +4.4833521955e-01 +4.2223070896e-01 +3.7058866147e-01 -5.0499051930e-03 +4.1554380769e-01 
+1.2000000000e+00 +6.0236545138e-01 +4.3345291249e-01 +4.7789826108e-01 +3.6999864036e-01 -1.0506496270e-02 +4.4331583150e-01 
+1.2750000000e+00 +6.3426772461e-01 +4.1727437353e-01 +5.3635792355e-01 +3.6894419552e-01 -1.7456265777e-02 +4.7102618785e-01 
+1.3500000000e+00 +6.6491185139e-01 +3.9990234074e-01 +5.9743406965e-01 +3.6731039123e-01 -2.5973567805e-02 +4.9863573485e-01 
+1.4250000000e+00 +6.9421317590e-01 +3.8146631282e-01 +6.6094098487e-01 +3.6497882936e-01 -3.6075145480e-02 +5.2609658062e-01 
+1.5000000000e+00 +7.2209765145e-01 +3.6211970175e-01 +7.2668497522e-01 +3.6183230061e-01 -4.7711511868e-02 +5.5335199800e-01 
+1.5750000000e+00 +7.4850349239e-01 +3.4203605670e-01 +7.9446673454e-01 +3.5775996263e-01 -6.0761605642e-02 +5.8033670787e-01 
+1.6500000000e+00 +7.7338251322e-01 +3.2140449881e-01 +8.6408389990e-01 +3.5266277077e-01 -7.5031469354e-02 +6.0697756037e-01 
+1.7250000000e+00 +7.9670110286e-01 +3.0042455834e-01 +9.3533371431e-01 +3.4645884162e-01 -9.0257415738e-02 +6.3319462084e-01 
+1.8000000000e+00 +8.1844079804e-01 +2.7930064629e-01 +1.0080157095e+00 +3.3908840731e-01 -1.0611379411e-01 +6.5890264267e-01 
+1.8750000000e+00 +8.3859843788e-01 +2.5823641630e-01 +1.0819343199e+00 +3.3051802485e-01 -1.2222507974e-01 +6.8401288388e-01 
+1.9500000000e+00 +8.5718590143e-01 +2.3742927817e-01 +1.1569013422e+00 +3.2074373976e-01 -1.3818162611e-01 +7.0843520005e-01 
+2.0250000000e+00 +8.7422944854e-01 +2.1706531144e-01 +1.2327381612e+00 +3.0979296561e-01 -1.5355808656e-01 +7.3208032650e-01 
+2.1000000000e+00 +8.8976870259e-01 +1.9731479650e-01 +1.3092776761e+00 +2.9772492486e-01 -1.6793326617e-01 +7.5486224740e-01 
+2.1750000000e+00 +9.0385532758e-01 +1.7832853660e-01 +1.3863658737e+00 +2.8462959449e-01 -1.8091003501e-01 +7.7670054187e-01 
+2.2500000000e+00 +9.1655146357e-01 +1.6023508981e-01 +1.4638630154e+00 +2.7062520318e-01 -1.9213393297e-01 +7.9752259678e-01 
+2.3250000000e+00 +9.2792799085e-01 +1.4313897115e-01 +1.5416444177e+00 +2.5585442488e-01 -2.0130922254e-01 +8.1726558284e-01 
+2.4000000000e+00 +9.3806269579e-01 +1.2711982723e-01 +1.6196008309e+00 +2.4047949862e-01 -2.0821138090e-01 +8.3587810497e-01 
+2.4750000000e+00 +9.4703840929e-01 +1.1223253263e-01 +1.6976384302e+00 +2.2467656825e-01 -2.1269533775e-01 +8.5332145747e-01 
+2.5500000000e+00 +9.5494118350e-01 +9.8508113079e-02 +1.7756784536e+00 +2.0862957474e-01 -2.1469912306e-01 +8.6957043784e-01 
+2.6250000000e+00 +9.6185856402e-01 +8.5955367518e-02 +1.8536565295e+00 +1.9252404514e-01 -2.1424295190e-01 +8.8461369858e-01 
+2.7000000000e+00 +9.6787800431e-01 +7.4563040208e-02 +1.9315217469e+00 +1.7654110794e-01 -2.1142410448e-01 +8.9845364182e-01 
+2.7750000000e+00 +9.7308545777e-01 +6.4302385180e-02 +2.0092355243e+00 +1.6085202728e-01 -2.0640823183e-01 +9.1110588439e-01 
+2.8500000000e+00 +9.7756417099e-01 +5.5129967376e-02 +2.0867703380e+00 +1.4561349382e-01 -1.9941791093e-01 +9.2259834143e-01 
+2.9250000000e+00 +9.8139369060e-01 +4.6990555689e-02 +2.1641083651e+00 +1.3096384412e-01 -1.9071937987e-01 +9.3296999161e-01 
+3.0000000000e+00 +9.8464908572e-01 +3.9819980754e-02 +2.2412400963e+00 +1.1702030954e-01 -1.8060840503e-01 +9.4226939737e-01 
+3.0750000000e+00 +9.8740037945e-01 +3.3547852214e-02 +2.3181629641e+00 +1.0387732616e-01 -1.6939617839e-01 +9.5055305871e-01 
+3.1500000000e+00 +9.8971217594e-01 +2.8100054098e-02 +2.3948800281e+00 +9.1605873967e-02 -1.5739602876e-01 +9.5788367871e-01 
+3.2250000000e+00 +9.9164346401e-01 +2.3400961032e-02 +2.4713987475e+00 +8.0253760478e-02 -1.4491157541e-01 +9.6432841500e-01 
+3.3000000000e+00 +9.9324757532e-01 +1.9375340547e-02 +2.5477298656e+00 +6.9846723516e-02 -1.3222677479e-01 +9.6995718315e-01 
+3.3750000000e+00 +9.9457227285e-01 +1.5949926890e-02 +2.6238864198e+00 +6.0390200650e-02 -1.1959812895e-01 +9.7484106781e-01 
+3.4500000000e+00 +9.9565994518e-01 +1.3054668604e-02 +2.6998828879e+00 +5.1871599258e-02 -1.0724915279e-01 +9.7905088531e-01 
+3.5250000000e+00 +9.9654788271e-01 +1.0623665528e-02 +2.7757344694e+00 +4.4262899407e-02 -9.5367047886e-02 +9.8265592901e-01 
+3.6000000000e+00 +9.9726861344e-01 +8.5958207820e-03 +2.8514564999e+00 +3.7523430264e-02 -8.4101409621e-02 +9.8572291637e-01 
+3.6750000000e+00 +9.9785027822e-01 +6.9152398731e-03 +2.9270639895e+00 +3.1602677047e-02 -7.3564706831e-02 +9.8831514539e-01 
+3.7500000000e+00 +9.9831702769e-01 +5.5314127992e-03 +3.0025712748e+00 +2.6442997268e-02 -6.3834217355e-02 +9.9049185818e-01 
+3.8250000000e+00 +9.9868942628e-01 +4.3992162489e-03 +3.0779917716e+00 +2.1982149685e-02 -5.4955077990e-02 +9.9230780119e-01 
+3.9000000000e+00 +9.9898485085e-01 +3.4787723138e-03 +3.1533378137e+00 +1.8155565088e-02 -4.6944108070e-02 +9.9381296550e-01 
+3.9750000000e+00 +9.9921787474e-01 +2.7351979470e-03 +3.2286205636e+00 +1.4898312764e-02 -3.9794087483e-02 +9.9505248592e-01 
+4.0500000000e+00 +9.9940063002e-01 +2.1382762031e-03 +3.3038499830e+00 +1.2146739164e-02 -3.3478206465e-02 +9.9606667536e-01 
+4.1250000000e+00 +9.9954314324e-01 +1.6620764678e-03 +3.3790348468e+00 +9.8397747258e-03 -2.7954450568e-02 +9.9689116963e-01 
+4.2000000000e+00 +9.9965364162e-01 +1.2845467589e-03 +3.4541827933e+00 +7.9199207464e-03 -2.3169734674e-02 +9.9755715821e-01 
+4.2750000000e+00 +9.9973882826e-01 +9.8709701881e-04 +3.5293003972e+00 +6.3339402319e-03 -1.9063650744e-02 +9.9809167800e-01 
+4.3500000000e+00 +9.9980412646e-01 +7.5418833814e-04 +3.6043932578e+00 +5.0332850307e-03 -1.5571741717e-02 +9.9851794895e-01 
+4.4250000000e+00 +9.9985389375e-01 +5.7293937104e-04 +3.6794660962e+00 +3.9742965450e-03 -1.2628256411e-02 +9.9885573326e-01 
+4.5000000000e+00 +9.9989160740e-01 +4.3275794478e-04 +3.7545228550e+00 +3.1182193622e-03 -1.0168375932e-02 +9.9912170260e-01 
+4.5750000000e+00 +9.9992002343e-01 +3.2500305662e-04 +3.8295667959e+00 +2.4310668019e-03 -8.1299302736e-03 +9.9932980083e-01 
+4.6500000000e+00 +9.9994131155e-01 +2.4268011848e-04 +3.9046005938e+00 +1.8833751873e-03 -6.4546446195e-03 +9.9949159241e-01 
+4.7250000000e+00 +9.9995716845e-01 +1.8017043546e-04 +3.9796264230e+00 +1.4498801654e-03 -5.0889686562e-03 +9.9961658948e-01 
+4.8000000000e+00 +9.9996891213e-01 +1.3299445885e-04 +4.0546460362e+00 +1.1091441033e-03 -3.9845499251e-03 +9.9971255289e-01 
+4.8750000000e+00 +9.9997755970e-01 +9.7607293163e-05 +4.1296608347e+00 +8.4315890843e-04 -3.0984148333e-03 +9.9978576426e-01 
+4.9500000000e+00 +9.9998389088e-01 +7.1224207409e-05 +4.2046719298e+00 +6.3694389456e-04 -2.3929195166e-03 +9.9984126811e-01 
+5.0250000000e+00 +9.9998849954e-01 +5.1673450986e-05 +4.2796801958e+00 +4.7815380741e-04 -1.8355283865e-03 +9.9988308428e-01 
+5.1000000000e+00 +9.9999183505e-01 +3.7273448538e-05 +4.3546863156e+00 +3.5670801858e-04 -1.3984718781e-03 +9.9991439159e-01 
+5.1750000000e+00 +9.9999423523e-01 +2.6731397759e-05 +4.4296908180e+00 +2.6444830321e-04 -1.0583275199e-03 +9.9993768496e-01 
+5.2500000000e+00 +9.9999595242e-01 +1.9060373224e-05 +4.5046941098e+00 +1.9482959632e-04 -7.9556066100e-04 +9.9995490788e-01 
+5.3250000000e+00 +9.9999717390e-01 +1.3512209510e-05 +4.5796965016e+00 +1.4264567949e-04 -5.9405357458e-04 +9.9996756320e-01 
+5.4000000000e+00 +9.9999803774e-01 +9.5236652505e-06 +4.6546982287e+00 +1.0378985776e-04 -4.4064458703e-04 +9.9997680453e-01 
+5.4750000000e+00 +9.9999864514e-01 +6.6736303154e-06 +4.7296994681e+00 +7.5049296512e-05 -3.2469261303e-04 +9.9998351100e-01 
+5.5500000000e+00 +9.9999906975e-01 +4.6494103703e-06 +4.8047003520e+00 +5.3930732704e-05 -2.3767714464e-04 +9.9998834775e-01 
+5.6250000000e+00 +9.9999936487e-01 +3.2203918181e-06 +4.8797009785e+00 +3.8514684271e-05 -1.7283937956e-04 +9.9999181446e-01 
+5.7000000000e+00 +9.9999956880e-01 +2.2176448096e-06 +4.9547014199e+00 +2.7334982847e-05 -1.2486675353e-04 +9.9999428382e-01 
+5.7750000000e+00 +9.9999970889e-01 +1.5182559479e-06 +5.0297017288e+00 +1.9280380937e-05 -8.9620583436e-05 +9.9999603189e-01 
+5.8500000000e+00 +9.9999980458e-01 +1.0333916884e-06 +5.1047019438e+00 +1.3515074504e-05 -6.3904722581e-05 +9.9999726172e-01 
+5.9250000000e+00 +9.9999986956e-01 +6.9927676727e-07 +5.1797020925e+00 +9.4151835598e-06 -4.5271956748e-05 +9.9999812161e-01 
+6.0000000000e+00 +9.9999991342e-01 +4.7042949212e-07 +5.2547021947e+00 +6.5185040408e-06 -3.1864204973e-05 +9.9999871912e-01 
+6.0750000000e+00 +9.9999994286e-01 +3.1462873364e-07 +5.3297022645e+00 +4.4851501025e-06 -2.2282315954e-05 +9.9999913176e-01 
+6.1500000000e+00 +9.9999996250e-01 +2.0919806827e-07 +5.4047023119e+00 +3.0670215631e-06 -1.5481265283e-05 +9.9999941497e-01 
+6.2250000000e+00 +9.9999997553e-01 +1.3828319336e-07 +5.4797023439e+00 +2.0843383058e-06 -1.0686770958e-05 +9.9999960814e-01 
+6.3000000000e+00 +9.9999998413e-01 +9.0872090643e-08 +5.5547023654e+00 +1.4077699077e-06 -7.3296816788e-06 +9.9999973910e-01 
+6.3750000000e+00 +9.9999998976e-01 +5.9366018916e-08 +5.6297023797e+00 +9.4494735809e-07 -4.9948971319e-06 +9.9999982732e-01 
+6.4500000000e+00 +9.9999999343e-01 +3.8555688830e-08 +5.7047023892e+00 +6.3037102204e-07 -3.3820085504e-06 +9.9999988640e-01 
+6.5250000000e+00 +9.9999999581e-01 +2.4893097381e-08 +5.7797023954e+00 +4.1792428717e-07 -2.2752709604e-06 +9.9999992571e-01 
+6.6000000000e+00 +9.9999999734e-01 +1.5977399225e-08 +5.8547023995e+00 +2.7536682956e-07 -1.5209153379e-06 +9.9999995171e-01 
+6.6750000000e+00 +9.9999999833e-01 +1.0194515926e-08 +5.9297024021e+00 +1.8031756305e-07 -1.0101674214e-06 +9.9999996880e-01 
+6.7500000000e+00 +9.9999999895e-01 +6.4663193216e-09 +6.0047024038e+00 +1.1734819756e-07 -6.6665430737e-07 +9.9999997996e-01 
+6.8250000000e+00 +9.9999999935e-01 +4.0773152831e-09 +6.0797024050e+00 +7.5897288161e-08 -4.3714886738e-07 +9.9999998720e-01 
+6.9000000000e+00 +9.9999999959e-01 +2.5557277730e-09 +6.1547024057e+00 +4.8785060276e-08 -2.8482716767e-07 +9.9999999188e-01 
+6.9750000000e+00 +9.9999999975e-01 +1.5924819820e-09 +6.2297024061e+00 +3.1164298595e-08 -1.8439903192e-07 +9.9999999488e-01 
+7.0500000000e+00 +9.9999999985e-01 +9.8639425590e-10 +6.3047024064e+00 +1.9785035208e-08 -1.1862126936e-07 +9.9999999679e-01 
+7.1250000000e+00 +9.9999999991e-01 +6.0734994453e-10 +6.3797024066e+00 +1.2483149196e-08 -7.5821870248e-08 +9.9999999800e-01 
+7.2000000000e+00 +9.9999999994e-01 +3.7173738561e-10 +6.4547024067e+00 +7.8274108720e-09 -4.8156561529e-08 +9.9999999876e-01 
+7.2750000000e+00 +9.9999999997e-01 +2.2617184511e-10 +6.5297024067e+00 +4.8777258054e-09 -3.0391093724e-08 +9.9999999924e-01 
+7.3500000000e+00 +9.9999999998e-01 +1.3678614751e-10 +6.6047024068e+00 +3.0207893309e-09 -1.9057577143e-08 +9.9999999953e-01 
+7.4250000000e+00 +9.9999999999e-01 +8.2232432328e-11 +6.6797024068e+00 +1.8591982222e-09 -1.1874626091e-08 +9.9999999972e-01 
+7.5000000000e+00 +9.9999999999e-01 +4.9140288866e-11 +6.7547024068e+00 +1.1371858082e-09 -7.3519628155e-09 +9.9999999983e-01 
+7.5750000000e+00 +1.0000000000e+00 +2.9189178888e-11 +6.8297024068e+00 +6.9125105207e-10 -4.5229081282e-09 +9.9999999990e-01 
+7.6500000000e+00 +1.0000000000e+00 +1.7234220808e-11 +6.9047024068e+00 +4.1757727959e-10 -2.7647963715e-09 +9.9999999994e-01 
+7.7250000000e+00 +1.0000000000e+00 +1.0114466263e-11 +6.9797024068e+00 +2.5068741111e-10 -1.6793417511e-09 +9.9999999996e-01 
+7.8000000000e+00 +1.0000000000e+00 +5.9002676595e-12 +7.0547024068e+00 +1.4956177633e-10 -1.0135496318e-09 +9.9999999998e-01 
+7.8750000000e+00 +1.0000000000e+00 +3.4211625447e-12 +7.1297024068e+00 +8.8674517130e-11 -6.0782734132e-10 +9.9999999999e-01 
+7.9500000000e+00 +1.0000000000e+00 +1.9717176484e-12 +7.2047024068e+00 +5.2247410691e-11 -3.6219614724e-10 +9.9999999999e-01 
+8.0250000000e+00 +1.0000000000e+00 +1.1294850002e-12 +7.2797024068e+00 +3.0592567033e-11 -2.1445429367e-10 +1.0000000000e+00 
+8.1000000000e+00 +1.0000000000e+00 +6.4309715871e-13 +7.3547024068e+00 +1.7801215378e-11 -1.2616874142e-10 +1.0000000000e+00 
+8.1750000000e+00 +1.0000000000e+00 +3.6393907192e-13 +7.4297024068e+00 +1.0293504253e-11 -7.3755349414e-11 +1.0000000000e+00 
+8.2500000000e+00 +1.0000000000e+00 +2.0470680277e-13 +7.5047024068e+00 +5.9149880118e-12 -4.2840889335e-11 +1.0000000000e+00 
+8.3250000000e+00 +1.0000000000e+00 +1.1444131418e-13 +7.5797024068e+00 +3.3776806070e-12 -2.4725492431e-11 +1.0000000000e+00 
+8.4000000000e+00 +1.0000000000e+00 +6.3588089184e-14 +7.6547024068e+00 +1.9167008906e-12 -1.4179179932e-11 +1.0000000000e+00 
+8.4750000000e+00 +1.0000000000e+00 +3.5116112902e-14 +7.7297024068e+00 +1.0808315700e-12 -8.0793235189e-12 +1.0000000000e+00 
+8.5500000000e+00 +1.0000000000e+00 +1.9273922408e-14 +7.8047024068e+00 +6.0565648228e-13 -4.5741930873e-12 +1.0000000000e+00 
+8.6250000000e+00 +1.0000000000e+00 +1.0513855518e-14 +7.8797024068e+00 +3.3725317610e-13 -2.5731632868e-12 +1.0000000000e+00 
+8.7000000000e+00 +1.0000000000e+00 +5.7000319381e-15 +7.9547024068e+00 +1.8661373990e-13 -1.4382393664e-12 +1.0000000000e+00 
+8.7750000000e+00 +1.0000000000e+00 +3.0712208896e-15 +8.0297024068e+00 +1.0260901891e-13 -7.9873634956e-13 +1.0000000000e+00 
+8.8500000000e+00 +1.0000000000e+00 +1.6445925747e-15 +8.1047024068e+00 +5.6063236601e-14 -4.4073904521e-13 +1.0000000000e+00 
+8.9250000000e+00 +1.0000000000e+00 +8.7521362180e-16 +8.1797024068e+00 +3.0438116540e-14 -2.4163654774e-13 +1.0000000000e+00 
+9.0000000000e+00 +1.0000000000e+00 +4.6288507737e-16 +8.2547024068e+00 +1.6421035116e-14 -1.3162664968e-13 +1.0000000000e+00 
+9.0750000000e+00 +1.0000000000e+00 +2.4329349135e-16 +8.3297024068e+00 +8.8028337598e-15 -7.1239703921e-14 +1.0000000000e+00 
+9.1500000000e+00 +1.0000000000e+00 +1.2708104093e-16 +8.4047024068e+00 +4.6889938339e-15 -3.8308425106e-14 +1.0000000000e+00 
+9.2250000000e+00 +1.0000000000e+00 +6.5965778723e-17 +8.4797024068e+00 +2.4818063540e-15 -2.0467138160e-14 +1.0000000000e+00 
+9.3000000000e+00 +1.0000000000e+00 +3.4028194591e-17 +8.5547024068e+00 +1.3052177596e-15 -1.0864435617e-14 +1.0000000000e+00 
+9.3750000000e+00 +1.0000000000e+00 +1.7443593715e-17 +8.6297024068e+00 +6.8205688243e-16 -5.7298192416e-15 +1.0000000000e+00 
+9.4500000000e+00 +1.0000000000e+00 +8.8859598415e-18 +8.7047024068e+00 +3.5414111248e-16 -3.0023044490e-15 +1.0000000000e+00 
+9.5250000000e+00 +1.0000000000e+00 +4.4981970269e-18 +8.7797024068e+00 +1.8270301976e-16 -1.5629490952e-15 +1.0000000000e+00 
+9.6000000000e+00 +1.0000000000e+00 +2.2627297745e-18 +8.8547024068e+00 +9.3653525696e-17 -8.0836472371e-16 +1.0000000000e+00 
+9.6750000000e+00 +1.0000000000e+00 +1.1310486119e-18 +8.9297024068e+00 +4.7698736056e-17 -4.1537302874e-16 +1.0000000000e+00 
+9.7500000000e+00 +1.0000000000e+00 +5.6179570175e-19 +9.0047024068e+00 +2.4137325919e-17 -2.1204768870e-16 +1.0000000000e+00 
+9.8250000000e+00 +1.0000000000e+00 +2.7727980537e-19 +9.0797024068e+00 +1.2135735365e-17 -1.0754466644e-16 +1.0000000000e+00 
+9.9000000000e+00 +1.0000000000e+00 +1.3598619044e-19 +9.1547024068e+00 +6.0622343317e-18 -5.4187604836e-17 +1.0000000000e+00 
+9.9750000000e+00 +1.0000000000e+00 +6.6267729184e-20 +9.2297024068e+00 +3.0087350514e-18 -2.7124536414e-17 +1.0000000000e+00 
+1.0050000000e+01 +1.0000000000e+00 +3.2087359787e-20 +9.3047024068e+00 +1.4835924130e-18 -1.3488741093e-17 +1.0000000000e+00 
+1.0125000000e+01 +1.0000000000e+00 +1.5437761089e-20 +9.3797024068e+00 +7.2680754500e-19 -6.6638092888e-18 +1.0000000000e+00 
+1.0200000000e+01 +1.0000000000e+00 +7.3798379993e-21 +9.4547024068e+00 +3.5374723363e-19 -3.2704759193e-18 +1.0000000000e+00 
+1.0275000000e+01 +1.0000000000e+00 +3.5052192507e-21 +9.5297024068e+00 +1.7105273381e-19 -1.5945263655e-18 +1.0000000000e+00 
+1.0350000000e+01 +1.0000000000e+00 +1.6541808212e-21 +9.6047024068e+00 +8.2172173128e-20 -7.7228889840e-19 +1.0000000000e+00 
+1.0425000000e+01 +1.0000000000e+00 +7.7561055988e-22 +9.6797024068e+00 +3.9216755214e-20 -3.7157808448e-19 +1.0000000000e+00 
+1.0500000000e+01 +1.0000000000e+00 +3.6131900754e-22 +9.7547024068e+00 +1.8593661622e-20 -1.7759771197e-19 +1.0000000000e+00 
+1.0575000000e+01 +1.0000000000e+00 +1.6723131666e-22 +9.8297024068e+00 +8.7578745659e-21 -8.4321100835e-20 +1.0000000000e+00 
+1.0650000000e+01 +1.0000000000e+00 +7.6898412312e-23 +9.9047024068e+00 +4.0979542233e-21 -3.9768694623e-20 +1.0000000000e+00 
+1.0725000000e+01 +1.0000000000e+00 +3.5130414593e-23 +9.9797024068e+00 +1.9048642135e-21 -1.8631464762e-20 +1.0000000000e+00 
+1.0800000000e+01 +1.0000000000e+00 +1.5944408182e-23 +1.0054702407e+01 +8.7959618137e-22 -8.6705685449e-21 +1.0000000000e+00 
+1.0875000000e+01 +1.0000000000e+00 +7.1892860205e-24 +1.0129702407e+01 +4.0347701049e-22 -4.0080882096e-21 +1.0000000000e+00 
+1.0950000000e+01 +1.0000000000e+00 +3.2203884830e-24 +1.0204702407e+01 +1.8385017758e-22 -1.8403913285e-21 +1.0000000000e+00 
+1.1025000000e+01 +1.0000000000e+00 +1.4330744038e-24 +1.0279702407e+01 +8.3217116989e-23 -8.3938321406e-22 +1.0000000000e+00 
+1.1100000000e+01 +1.0000000000e+00 +6.3351940544e-25 +1.0354702407e+01 +3.7416062414e-23 -3.8026070172e-22 +1.0000000000e+00 
+1.1175000000e+01 +1.0000000000e+00 +2.7821110518e-25 +1.0429702407e+01 +1.6710661741e-23 -1.7110686369e-22 +1.0000000000e+00 
+1.1250000000e+01 +1.0000000000e+00 +1.2136820018e-25 +1.0504702407e+01 +7.4133176823e-24 -7.6473660816e-23 +1.0000000000e+00 
+1.1325000000e+01 +1.0000000000e+00 +5.2594912309e-26 +1.0579702407e+01 +3.2666914142e-24 -3.3947541182e-23 +1.0000000000e+00 
+1.1400000000e+01 +1.0000000000e+00 +2.2640358587e-26 +1.0654702407e+01 +1.4297930554e-24 -1.4967531363e-23 +1.0000000000e+00 
+1.1475000000e+01 +1.0000000000e+00 +9.6809033049e-27 +1.0729702407e+01 +6.2158533290e-25 -6.5543667813e-24 +1.0000000000e+00 
+1.1550000000e+01 +1.0000000000e+00 +4.1118158478e-27 +1.0804702407e+01 +2.6840070921e-25 -2.8506454269e-24 +1.0000000000e+00 
+1.1625000000e+01 +1.0000000000e+00 +1.7347172691e-27 +1.0879702407e+01 +1.1511041033e-25 -1.2313474903e-24 +1.0000000000e+00 
+1.1700000000e+01 +1.0000000000e+00 +7.2693068340e-28 +1.0954702407e+01 +4.9032743616e-26 -5.2824570944e-25 +1.0000000000e+00 
+1.1775000000e+01 +1.0000000000e+00 +3.0256482196e-28 +1.1029702407e+01 +2.0743925098e-26 -2.2506195352e-25 +1.0000000000e+00 
+1.1850000000e+01 +1.0000000000e+00 +1.2508256488e-28 +1.1104702407e+01 +8.7160801003e-27 -9.5229535434e-26 +1.0000000000e+00 
+1.1925000000e+01 +1.0000000000e+00 +5.1359372960e-29 +1.1179702407e+01 +3.6372177613e-27 -4.0016336121e-26 +1.0000000000e+00 
+1.2000000000e+01 +1.0000000000e+00 +2.0944925013e-29 +1.1254702407e+01 +1.5073960482e-27 -1.6699041105e-26 +1.0000000000e+00 
+1.2075000000e+01 +1.0000000000e+00 +8.4833138841e-30 +1.1329702407e+01 +6.2042240681e-28 -6.9203276754e-27 +1.0000000000e+00 
+1.2150000000e+01 +1.0000000000e+00 +3.4124889404e-30 +1.1404702407e+01 +2.5359550561e-28 -2.8479668711e-27 +1.0000000000e+00 
+1.2225000000e+01 +1.0000000000e+00 +1.3632867407e-30 +1.1479702407e+01 +1.0293935605e-28 -1.1638807027e-27 +1.0000000000e+00 
+1.2300000000e+01 +1.0000000000e+00 +5.4088452153e-31 +1.1554702407e+01 +4.1495300172e-29 -4.7232316048e-28 +1.0000000000e+00 
+1.2375000000e+01 +1.0000000000e+00 +2.1311514391e-31 +1.1629702407e+01 +1.6610612640e-29 -1.9033519099e-28 +1.0000000000e+00 
+1.2450000000e+01 +1.0000000000e+00 +8.3388738512e-32 +1.1704702407e+01 +6.6028805588e-30 -7.6162235361e-29 +1.0000000000e+00 
+1.2525000000e+01 +1.0000000000e+00 +3.2402210156e-32 +1.1779702407e+01 +2.6063600348e-30 -3.0261637690e-29 +1.0000000000e+00 
+1.2600000000e+01 +1.0000000000e+00 +1.2502782938e-32 +1.1854702407e+01 +1.0216020553e-30 -1.1939009742e-29 +1.0000000000e+00 
+1.2675000000e+01 +1.0000000000e+00 +4.7906467205e-33 +1.1929702407e+01 +3.9762316614e-31 -4.6768923247e-30 +1.0000000000e+00 
+1.2750000000e+01 +1.0000000000e+00 +1.8227514339e-33 +1.2004702407e+01 +1.5367678698e-31 -1.8190618688e-30 +1.0000000000e+00 
+1.2825000000e+01 +1.0000000000e+00 +6.8864742983e-34 +1.2079702407e+01 +5.8981591386e-32 -7.0245886908e-31 +1.0000000000e+00 
+1.2900000000e+01 +1.0000000000e+00 +2.5834068151e-34 +1.2154702407e+01 +2.2484137444e-32 -2.6930570272e-31 +1.0000000000e+00 
+1.2975000000e+01 +1.0000000000e+00 +9.6228815981e-35 +1.2229702407e+01 +8.5175123572e-33 -1.0248287561e-31 +1.0000000000e+00 
+1.3050000000e+01 +1.0000000000e+00 +3.5589666002e-35 +1.2304702407e+01 +3.2109728262e-33 -3.8696049299e-32 +1.0000000000e+00 
+1.3125000000e+01 +1.0000000000e+00 +1.3068897171e-35 +1.2379702407e+01 +1.2091365328e-33 -1.4482593491e-32 +1.0000000000e+00 
+1.3200000000e+01 +1.0000000000e+00 +4.7647479014e-36 +1.2454702407e+01 +4.5928642347e-34 -5.3579129679e-33 +1.0000000000e+00 
+1.3275000000e+01 +1.0000000000e+00 +1.7247114238e-36 +1.2529702407e+01 +1.8032225476e-34 -1.9445053744e-33 +1.0000000000e+00 
+1.3350000000e+01 +1.0000000000e+00 +6.1980904899e-37 +1.2604702407e+01 +7.7181101006e-35 -6.7710290694e-34 +1.0000000000e+00 
+1.3425000000e+01 +1.0000000000e+00 +2.2113304352e-37 +1.2679702407e+01 +3.9214898958e-35 -2.1015797517e-34 +1.0000000000e+00 
+1.3500000000e+01 +1.0000000000e+00 +7.8323627409e-38 +1.2754702407e+01 +2.5234234159e-35 -3.9591100110e-35 +1.0000000000e+00 
+1.3575000000e+01 +1.0000000000e+00 +2.7540028255e-38 +1.2829702407e+01 +2.0018491049e-35 +2.2046750049e-35 +1.0000000000e+00 
+1.3650000000e+01 +1.0000000000e+00 +9.6129633785e-39 +1.2904702407e+01 +1.7984534224e-35 +4.3945531562e-35 +1.0000000000e+00 
+1.3725000000e+01 +1.0000000000e+00 +3.3308896569e-39 +1.2979702407e+01 +1.7099423671e-35 +5.1454837342e-35 +1.0000000000e+00 
+1.3800000000e+01 +1.0000000000e+00 +1.1456760741e-39 +1.3054702407e+01 +1.6628322602e-35 +5.3793219115e-35 +1.0000000000e+00 
+1.3875000000e+01 +1.0000000000e+00 +3.9115647112e-40 +1.3129702407e+01 +1.6307510078e-35 +5.4288195809e-35 +1.0000000000e+00 
+1.3950000000e+01 +1.0000000000e+00 +1.3256063053e-40 +1.3204702407e+01 +1.6042973767e-35 +5.4132008650e-35 +1.0000000000e+00 
+1.4025000000e+01 +1.0000000000e+00 +4.4590475447e-41 +1.3279702407e+01 +1.5801380459e-35 +5.3748760193e-35 +1.0000000000e+00 
+1.4100000000e+01 +1.0000000000e+00 +1.4887477677e-41 +1.3354702407e+01 +1.5570933568e-35 +5.3288288344e-35 +1.0000000000e+00 
+1.4175000000e+01 +1.0000000000e+00 +4.9333217696e-42 +1.3429702407e+01 +1.5347425881e-35 +5.2803234359e-35 +1.0000000000e+00 
+1.4250000000e+01 +1.0000000000e+00 +1.6225000212e-42 +1.3504702407e+01 +1.5129307033e-35 +5.2312053607e-35 +1.0000000000e+00 
+1.4325000000e+01 +1.0000000000e+00 +5.2959566909e-43 +1.3579702407e+01 +1.4915953653e-35 +5.1821236160e-35 +1.0000000000e+00 
+1.4400000000e+01 +1.0000000000e+00 +1.7155600007e-43 +1.3654702407e+01 +1.4707064491e-35 +5.1333132330e-35 +1.0000000000e+00 
+1.4475000000e+01 +1.0000000000e+00 +5.5151366541e-44 +1.3729702407e+01 +1.4502452826e-35 +5.0848645520e-35 +1.0000000000e+00 
+1.4550000000e+01 +1.0000000000e+00 +1.7594745940e-44 +1.3804702407e+01 +1.4301974735e-35 +5.0368170197e-35 +1.0000000000e+00 
+1.4625000000e+01 +1.0000000000e+00 +5.5702340949e-45 +1.3879702407e+01 +1.4105503575e-35 +4.9891922766e-35 +1.0000000000e+00 
+1.4700000000e+01 +1.0000000000e+00 +1.7498804378e-45 +1.3954702407e+01 +1.3912922339e-35 +4.9420042584e-35 +1.0000000000e+00 
+1.4775000000e+01 +1.0000000000e+00 +5.4548989521e-46 +1.4029702407e+01 +1.3724119992e-35 +4.8952636776e-35 +1.0000000000e+00 
+1.4850000000e+01 +1.0000000000e+00 +1.6872629062e-46 +1.4104702407e+01 +1.3538990573e-35 +4.8489790754e-35 +1.0000000000e+00 
+1.4925000000e+01 +1.0000000000e+00 +5.1798180082e-47 +1.4179702407e+01 +1.3357432604e-35 +4.8031573184e-35 +1.0000000000e+00 
+1.5000000000e+01 +1.0000000000e+00 +1.5769311790e-47 +1.4254702407e+01 +1.3179348510e-35 +4.7578043345e-35 +1.0000000000e+00 
+1.5075000000e+01 +1.0000000000e+00 +4.7575211840e-48 +1.4329702407e+01 +1.3004644841e-35 +4.7129245017e-35 +1.0000000000e+00 
+1.5150000000e+01 +1.0000000000e+00 +1.4219108258e-48 +1.4404702407e+01 +1.2833231511e-35 +4.6685214488e-35 +1.0000000000e+00 
+1.5225000000e+01 +1.0000000000e+00 +4.2229682419e-49 +1.4479702407e+01 +1.2665022020e-35 +4.6245976757e-35 +1.0000000000e+00 
+1.5300000000e+01 +1.0000000000e+00 +1.2829270608e-49 +1.4554702407e+01 +1.2499933052e-35 +4.5811549350e-35 +1.0000000000e+00 
+1.5375000000e+01 +1.0000000000e+00 +3.2073176521e-50 +1.4629702407e+01 +1.2337884207e-35 +4.5381944343e-35 +1.0000000000e+00 
+1.5450000000e+01 +1.0000000000e+00 +5.3455294202e-51 +1.4704702407e+01 +1.2178798403e-35 +4.4957161336e-35 +1.0000000000e+00 
+1.5525000000e+01 +1.0000000000e+00 +5.3455294202e-51 +1.4779702407e+01 +1.2022600932e-35 +4.4537198687e-35 +1.0000000000e+00 
+1.5600000000e+01 +1.0000000000e+00 +0.0000000000e+00 +1.4854702407e+01 +1.1869219734e-35 +4.4122049350e-35 +1.0000000000e+00 
+1.5675000000e+01 +1.0000000000e+00 +2.6727647101e-51 +1.4929702407e+01 +1.1718585665e-35 +4.3711694421e-35 +1.0000000000e+00 
+1.5750000000e+01 +1.0000000000e+00 +0.0000000000e+00 +1.5004702407e+01 +1.1570631192e-35 +4.3306122283e-35 +1.0000000000e+00 
+1.5825000000e+01 +1.0000000000e+00 +0.0000000000e+00 +1.5079702407e+01 +1.1425291968e-35 +4.2905303612e-35 +1.0000000000e+00 
+1.5900000000e+01 +1.0000000000e+00 +0.0000000000e+00 +1.5154702407e+01 +1.1282505170e-35 +4.2509213174e-35 +1.0000000000e+00 
+1.5975000000e+01 +1.0000000000e+00 -1.3363823550e-51 +1.5229702407e+01 +1.1142210038e-35 +4.2117825366e-35 +1.0000000000e+00 
+1.6050000000e+01 +1.0000000000e+00 +0.0000000000e+00 +1.5304702407e+01 +1.1004348187e-35 +4.1731102180e-35 +1.0000000000e+00 
+1.6125000000e+01 +1.0000000000e+00 +1.3363823550e-51 +1.5379702407e+01 +1.0868862804e-35 +4.1349011180e-35 +1.0000000000e+00 
+1.6200000000e+01 +1.0000000000e+00 +1.3363823550e-51 +1.5454702407e+01 +1.0735698914e-35 +4.0971513585e-35 +1.0000000000e+00 
+1.6275000000e+01 +1.0000000000e+00 +0.0000000000e+00 +1.5529702407e+01 +1.0604803243e-35 +4.0598569253e-35 +1.0000000000e+00 
+1.6350000000e+01 +1.0000000000e+00 +0.0000000000e+00 +1.5604702407e+01 +1.0476124314e-35 +4.0230135362e-35 +1.0000000000e+00 
+1.6425000000e+01 +1.0000000000e+00 +6.6819117752e-52 +1.5679702407e+01 +1.0349611950e-35 +3.9866172752e-35 +1.0000000000e+00 
+1.6500000000e+01 +1.0000000000e+00 +6.6819117752e-52 +1.5754702407e+01 +1.0225217856e-35 +3.9506631950e-35 +1.0000000000e+00 
+1.6575000000e+01 +1.0000000000e+00 +0.0000000000e+00 +1.5829702407e+01 +1.0102894858e-35 +3.9151469552e-35 +1.0000000000e+00 
+1.6650000000e+01 +1.0000000000e+00 +0.0000000000e+00 +1.5904702407e+01 +9.9825973535e-36 +3.8800637086e-35 +1.0000000000e+00 
+1.6725000000e+01 +1.0000000000e+00 +0.0000000000e+00 +1.5979702407e+01 +9.8642809037e-36 +3.8454088303e-35 +1.0000000000e+00 
+1.6800000000e+01 +1.0000000000e+00 +0.0000000000e+00 +1.6054702407e+01 +9.7479025506e-36 +3.8111772986e-35 +1.0000000000e+00 
+1.6875000000e+01 +1.0000000000e+00 +0.0000000000e+00 +1.6129702407e+01 +9.6334204569e-36 +3.7773643617e-35 +1.0000000000e+00 
+1.6950000000e+01 +1.0000000000e+00 -3.3409558876e-52 +1.6204702407e+01 +9.5207939963e-36 +3.7439649195e-35 +1.0000000000e+00 
+1.7025000000e+01 +1.0000000000e+00 +0.0000000000e+00 +1.6279702407e+01 +9.4099837979e-36 +3.7109738359e-35 +1.0000000000e+00 
+1.7100000000e+01 +1.0000000000e+00 +3.3409558876e-52 +1.6354702407e+01 +9.3009512531e-36 +3.6783864117e-35 +1.0000000000e+00 
+1.7175000000e+01 +1.0000000000e+00 -3.3409558876e-52 +1.6429702407e+01 +9.1936590986e-36 +3.6461975412e-35 +1.0000000000e+00 
+1.7250000000e+01 +1.0000000000e+00 +0.0000000000e+00 +1.6504702407e+01 +9.0880711920e-36 +3.6144018886e-35 +1.0000000000e+00 
+1.7325000000e+01 +1.0000000000e+00 +0.0000000000e+00 +1.6579702407e+01 +8.9841520190e-36 +3.5829945921e-35 +1.0000000000e+00 
+1.7400000000e+01 +1.0000000000e+00 +0.0000000000e+00 +1.6654702407e+01 +8.8818672756e-36 +3.5519704846e-35 +1.0000000000e+00 
+1.7475000000e+01 +1.0000000000e+00 -1.6704779438e-52 +1.6729702407e+01 +8.7811834652e-36 +3.5213245800e-35 +1.0000000000e+00 
+1.7550000000e+01 +1.0000000000e+00 +0.0000000000e+00 +1.6804702407e+01 +8.6820679433e-36 +3.4910519676e-35 +1.0000000000e+00 
+1.7625000000e+01 +1.0000000000e+00 +0.0000000000e+00 +1.6879702407e+01 +8.5844890516e-36 +3.4611475530e-35 +1.0000000000e+00 
+1.7700000000e+01 +1.0000000000e+00 -1.6704779438e-52 +1.6954702407e+01 +8.4884158944e-36 +3.4316062579e-35 +1.0000000000e+00 
+1.7775000000e+01 +1.0000000000e+00 +0.0000000000e+00 +1.7029702407e+01 +8.3938182484e-36 +3.4024233593e-35 +1.0000000000e+00 
+1.7850000000e+01 +1.0000000000e+00 +0.0000000000e+00 +1.7104702407e+01 +8.3006669218e-36 +3.3735937073e-35 +1.0000000000e+00 
+1.7925000000e+01 +1.0000000000e+00 +0.0000000000e+00 +1.7179702407e+01 +8.2089331935e-36 +3.3451125059e-35 +1.0000000000e+00 
+1.8000000000e+01 +1.0000000000e+00 +0.0000000000e+00 +1.7254702407e+01 +8.1185892170e-36 +3.3169748859e-35 +1.0000000000e+00 
+1.8075000000e+01 +1.0000000000e+00 -8.3523897190e-53 +1.7329702407e+01 +8.0296077510e-36 +3.2891761948e-35 +1.0000000000e+00 
+1.8150000000e+01 +1.0000000000e+00 -8.3523897190e-53 +1.7404702407e+01 +7.9419623167e-36 +3.2617116296e-35 +1.0000000000e+00 
+1.8225000000e+01 +1.0000000000e+00 -8.3523897190e-53 +1.7479702407e+01 +7.8556270851e-36 +3.2345764753e-35 +1.0000000000e+00 
+1.8300000000e+01 +1.0000000000e+00 +0.0000000000e+00 +1.7554702407e+01 +7.7705768107e-36 +3.2077659838e-35 +1.0000000000e+00 
+1.8375000000e+01 +1.0000000000e+00 +0.0000000000e+00 +1.7629702407e+01 +7.6867868528e-36 +3.1812756712e-35 +1.0000000000e+00 
+1.8450000000e+01 +1.0000000000e+00 -8.3523897190e-53 +1.7704702407e+01 +7.6042331990e-36 +3.1551008963e-35 +1.0000000000e+00 
+1.8525000000e+01 +1.0000000000e+00 -4.1761948595e-53 +1.7779702407e+01 +7.5228923745e-36 +3.1292372123e-35 +1.0000000000e+00 
+1.8600000000e+01 +1.0000000000e+00 +0.0000000000e+00 +1.7854702407e+01 +7.4427414655e-36 +3.1036803062e-35 +1.0000000000e+00 
+1.8675000000e+01 +1.0000000000e+00 +4.1761948595e-53 +1.7929702407e+01 +7.3637582080e-36 +3.0784256379e-35 +1.0000000000e+00 
+1.8750000000e+01 +1.0000000000e+00 +0.0000000000e+00 +1.8004702407e+01 +7.2859207194e-36 +3.0534689357e-35 +1.0000000000e+00 
+1.8825000000e+01 +1.0000000000e+00 +0.0000000000e+00 +1.8079702407e+01 +7.2092077000e-36 +3.0288059252e-35 +1.0000000000e+00 
+1.8900000000e+01 +1.0000000000e+00 +0.0000000000e+00 +1.8154702407e+01 +7.1335983880e-36 +3.0044322811e-35 +1.0000000000e+00 
+1.8975000000e+01 +1.0000000000e+00 -2.0880974298e-53 +1.8229702407e+01 +7.0590723583e-36 +2.9803439748e-35 +1.0000000000e+00 
+1.9050000000e+01 +1.0000000000e+00 +2.0880974298e-53 +1.8304702407e+01 +6.9856097011e-36 +2.9565370052e-35 +1.0000000000e+00 
+1.9125000000e+01 +1.0000000000e+00 +2.0880974298e-53 +1.8379702407e+01 +6.9131911121e-36 +2.9330071071e-35 +1.0000000000e+00 
+1.9200000000e+01 +1.0000000000e+00 +2.0880974298e-53 +1.8454702407e+01 +6.8417975562e-36 +2.9097504206e-35 +1.0000000000e+00 
+1.9275000000e+01 +1.0000000000e+00 +0.0000000000e+00 +1.8529702407e+01 +6.7714105137e-36 +2.8867630243e-35 +1.0000000000e+00 
+1.9350000000e+01 +1.0000000000e+00 -1.0440487149e-53 +1.8604702407e+01 +6.7020118911e-36 +2.8640408675e-35 +1.0000000000e+00 
+1.9425000000e+01 +1.0000000000e+00 +0.0000000000e+00 +1.8679702407e+01 +6.6335838414e-36 +2.8415803760e-35 +1.0000000000e+00 
+1.9500000000e+01 +1.0000000000e+00 -1.0440487149e-53 +1.8754702407e+01 +6.5661091455e-36 +2.8193775850e-35 +1.0000000000e+00 
+1.9575000000e+01 +1.0000000000e+00 +0.0000000000e+00 +1.8829702407e+01 +6.4995708085e-36 +2.7974288751e-35 +1.0000000000e+00 
+1.9650000000e+01 +1.0000000000e+00 +0.0000000000e+00 +1.8904702407e+01 +6.4339522165e-36 +2.7757306672e-35 +1.0000000000e+00 
+1.9725000000e+01 +1.0000000000e+00 +0.0000000000e+00 +1.8979702407e+01 +6.3692372266e-36 +2.7542792383e-35 +1.0000000000e+00 
+1.9800000000e+01 +1.0000000000e+00 +0.0000000000e+00 +1.9054702407e+01 +6.3054098752e-36 +2.7330712229e-35 +1.0000000000e+00 
+1.9875000000e+01 +1.0000000000e+00 -5.2202435744e-54 +1.9129702407e+01 +6.2424547369e-36 +2.7121030282e-35 +1.0000000000e+00 
+1.9950000000e+01 +1.0000000000e+00 +0.0000000000e+00 +1.9204702407e+01 +6.1803566326e-36 +2.6913711219e-35 +1.0000000000e+00 
+2.0025000000e+01 +1.0000000000e+00 +0.0000000000e+00 +1.9279702407e+01 +6.1191006303e-36 +2.6708723107e-35 +1.0000000000e+00 
+2.0100000000e+01 +1.0000000000e+00 +0.0000000000e+00 +1.9354702407e+01 +6.0586722236e-36 +2.6506030963e-35 +1.0000000000e+00 
+2.0175000000e+01 +1.0000000000e+00 +0.0000000000e+00 +1.9429702407e+01 +5.9990571306e-36 +2.6305604103e-35 +1.0000000000e+00 
+2.0250000000e+01 +1.0000000000e+00 +5.2202435744e-54 +1.9504702407e+01 +5.9402414951e-36 +2.6107409257e-35 +1.0000000000e+00 
+2.0325000000e+01 +1.0000000000e+00 +0.0000000000e+00 +1.9579702407e+01 +5.8822116630e-36 +2.5911414077e-35 +1.0000000000e+00 
+2.0400000000e+01 +1.0000000000e+00 +0.0000000000e+00 +1.9654702407e+01 +5.8249542490e-36 +2.5717588608e-35 +1.0000000000e+00 
+2.0475000000e+01 +1.0000000000e+00 +2.6101217872e-54 +1.9729702407e+01 +5.7684562267e-36 +2.5525900554e-35 +1.0000000000e+00 
+2.0550000000e+01 +1.0000000000e+00 +2.6101217872e-54 +1.9804702407e+01 +5.7127047041e-36 +2.5336321013e-35 +1.0000000000e+00 
+2.0625000000e+01 +1.0000000000e+00 +0.0000000000e+00 +1.9879702407e+01 +5.6576871928e-36 +2.5148820516e-35 +1.0000000000e+00 
+2.0700000000e+01 +1.0000000000e+00 +0.0000000000e+00 +1.9954702407e+01 +5.6033914512e-36 +2.4963368778e-35 +1.0000000000e+00 
+2.0775000000e+01 +1.0000000000e+00 +0.0000000000e+00 +2.0029702407e+01 +5.5498053943e-36 +2.4779937834e-35 +1.0000000000e+00 
+2.0850000000e+01 +1.0000000000e+00 -1.3050608936e-54 +2.0104702407e+01 +5.4969172738e-36 +2.4598498381e-35 +1.0000000000e+00 
+2.0925000000e+01 +1.0000000000e+00 +1.3050608936e-54 +2.0179702407e+01 +5.4447155204e-36 +2.4419022810e-35 +1.0000000000e+00 
+2.1000000000e+01 +1.0000000000e+00 +0.0000000000e+00 +2.0254702407e+01 +5.3931888118e-36 +2.4241484503e-35 +1.0000000000e+00 
+2.1075000000e+01 +1.0000000000e+00 +0.0000000000e+00 +2.0329702407e+01 +5.3423260720e-36 +2.4065855939e-35 +1.0000000000e+00 
+2.1150000000e+01 +1.0000000000e+00 +0.0000000000e+00 +2.0404702407e+01 +5.2921164719e-36 +2.3892110759e-35 +1.0000000000e+00 
+2.1225000000e+01 +1.0000000000e+00 +0.0000000000e+00 +2.0479702407e+01 +5.2425493614e-36 +2.3720221819e-35 +1.0000000000e+00 
+2.1300000000e+01 +1.0000000000e+00 +6.5253044680e-55 +2.0554702407e+01 +5.1936142254e-36 +2.3550165635e-35 +1.0000000000e+00 
+2.1375000000e+01 +1.0000000000e+00 +0.0000000000e+00 +2.0629702407e+01 +5.1453009520e-36 +2.3381914628e-35 +1.0000000000e+00 
+2.1450000000e+01 +1.0000000000e+00 +0.0000000000e+00 +2.0704702407e+01 +5.0975994519e-36 +2.3215444864e-35 +1.0000000000e+00 
+2.1525000000e+01 +1.0000000000e+00 +0.0000000000e+00 +2.0779702407e+01 +5.0504999047e-36 +2.3050732356e-35 +1.0000000000e+00 
+2.1600000000e+01 +1.0000000000e+00 -6.5253044680e-55 +2.0854702407e+01 +5.0039927144e-36 +2.2887751747e-35 +1.0000000000e+00 
+2.1675000000e+01 +1.0000000000e+00 +0.0000000000e+00 +2.0929702407e+01 +4.9580683747e-36 +2.2726480834e-35 +1.0000000000e+00 
+2.1750000000e+01 +1.0000000000e+00 +0.0000000000e+00 +2.1004702407e+01 +4.9127176704e-36 +2.2566894859e-35 +1.0000000000e+00 
+2.1825000000e+01 +1.0000000000e+00 +0.0000000000e+00 +2.1079702407e+01 +4.8679314764e-36 +2.2408972452e-35 +1.0000000000e+00 
+2.1900000000e+01 +1.0000000000e+00 +3.2626522340e-55 +2.1154702407e+01 +4.8237009590e-36 +2.2252688813e-35 +1.0000000000e+00 
+2.1975000000e+01 +1.0000000000e+00 +3.2626522340e-55 +2.1229702407e+01 +4.7800172618e-36 +2.2098024421e-35 +1.0000000000e+00 
+2.2050000000e+01 +1.0000000000e+00 +0.0000000000e+00 +2.1304702407e+01 +4.7368719099e-36 +2.1944955368e-35 +1.0000000000e+00 
+2.2125000000e+01 +1.0000000000e+00 -3.2626522340e-55 +2.1379702407e+01 +4.6942564505e-36 +2.1793461603e-35 +1.0000000000e+00 
+2.2200000000e+01 +1.0000000000e+00 +0.0000000000e+00 +2.1454702407e+01 +4.6521626778e-36 +2.1643520318e-35 +1.0000000000e+00 
+2.2275000000e+01 +1.0000000000e+00 +0.0000000000e+00 +2.1529702407e+01 +4.6105824529e-36 +2.1495112231e-35 +1.0000000000e+00 
+2.2350000000e+01 +1.0000000000e+00 +0.0000000000e+00 +2.1604702407e+01 +4.5695078390e-36 +2.1348216141e-35 +1.0000000000e+00 
+2.2425000000e+01 +1.0000000000e+00 +1.6313261170e-55 +2.1679702407e+01 +4.5289310896e-36 +2.1202811969e-35 +1.0000000000e+00 
+2.2500000000e+01 +1.0000000000e+00 +0.0000000000e+00 +2.1754702407e+01 +4.4888445480e-36 +2.1058879647e-35 +1.0000000000e+00 
+2.2575000000e+01 +1.0000000000e+00 +0.0000000000e+00 +2.1829702407e+01 +4.4492406808e-36 +2.0916400507e-35 +1.0000000000e+00 
+2.2650000000e+01 +1.0000000000e+00 +0.0000000000e+00 +2.1904702407e+01 +4.4101121565e-36 +2.0775354797e-35 +1.0000000000e+00 
+2.2725000000e+01 +1.0000000000e+00 +0.0000000000e+00 +2.1979702407e+01 +4.3714517556e-36 +2.0635723219e-35 +1.0000000000e+00 
+2.2800000000e+01 +1.0000000000e+00 +1.6313261170e-55 +2.2054702407e+01 +4.3332523483e-36 +2.0497488096e-35 +1.0000000000e+00 
+2.2875000000e+01 +1.0000000000e+00 +0.0000000000e+00 +2.2129702407e+01 +4.2955070177e-36 +2.0360630254e-35 +1.0000000000e+00 
+2.2950000000e+01 +1.0000000000e+00 +0.0000000000e+00 +2.2204702407e+01 +4.2582089255e-36 +2.0225131209e-35 +1.0000000000e+00 
+2.3025000000e+01 +1.0000000000e+00 -8.1566305850e-56 +2.2279702407e+01 +4.2213513119e-36 +2.0090975293e-35 +1.0000000000e+00 
+2.3100000000e+01 +1.0000000000e+00 -8.1566305850e-56 +2.2354702407e+01 +4.1849276187e-36 +1.9958143996e-35 +1.0000000000e+00 
+2.3175000000e+01 +1.0000000000e+00 +0.0000000000e+00 +2.2429702407e+01 +4.1489314225e-36 +1.9826619190e-35 +1.0000000000e+00 
+2.3250000000e+01 +1.0000000000e+00 +0.0000000000e+00 +2.2504702407e+01 +4.1133563333e-36 +1.9696384281e-35 +1.0000000000e+00 
+2.3325000000e+01 +1.0000000000e+00 +0.0000000000e+00 +2.2579702407e+01 +4.0781960957e-36 +1.9567423703e-35 +1.0000000000e+00 
+2.3400000000e+01 +1.0000000000e+00 +0.0000000000e+00 +2.2654702407e+01 +4.0434446225e-36 +1.9439720317e-35 +1.0000000000e+00 
+2.3475000000e+01 +1.0000000000e+00 +0.0000000000e+00 +2.2729702407e+01 +4.0090958936e-36 +1.9313257999e-35 +1.0000000000e+00 
+2.3550000000e+01 +1.0000000000e+00 +4.0783152925e-56 +2.2804702407e+01 +3.9751439676e-36 +1.9188021000e-35 +1.0000000000e+00 
+2.3625000000e+01 +1.0000000000e+00 +4.0783152925e-56 +2.2879702407e+01 +3.9415830712e-36 +1.9063993658e-35 +1.0000000000e+00 
+2.3700000000e+01 +1.0000000000e+00 +0.0000000000e+00 +2.2954702407e+01 +3.9084075094e-36 +1.8941160960e-35 +1.0000000000e+00 
+2.3775000000e+01 +1.0000000000e+00 +0.0000000000e+00 +2.3029702407e+01 +3.8756116771e-36 +1.8819507178e-35 +1.0000000000e+00 
+2.3850000000e+01 +1.0000000000e+00 +0.0000000000e+00 +2.3104702407e+01 +3.8431900700e-36 +1.8699017725e-35 +1.0000000000e+00 
+2.3925000000e+01 +1.0000000000e+00 +0.0000000000e+00 +2.3179702407e+01 +3.8111372958e-36 +1.8579677789e-35 +1.0000000000e+00 
+2.4000000000e+01 +1.0000000000e+00 -2.0391576462e-56 +2.3254702407e+01 +3.7794480633e-36 +1.8461472183e-35 +1.0000000000e+00 
+2.4075000000e+01 +1.0000000000e+00 +0.0000000000e+00 +2.3329702407e+01 +3.7481170923e-36 +1.8344388484e-35 +1.0000000000e+00 
+2.4150000000e+01 +1.0000000000e+00 -2.0391576462e-56 +2.3404702407e+01 +3.7171393271e-36 +1.8228410964e-35 +1.0000000000e+00 
+2.4225000000e+01 +1.0000000000e+00 +2.0391576462e-56 +2.3479702407e+01 +3.6865097004e-36 +1.8113526392e-35 +1.0000000000e+00 
+2.4300000000e+01 +1.0000000000e+00 +0.0000000000e+00 +2.3554702407e+01 +3.6562232237e-36 +1.7999721926e-35 +1.0000000000e+00 
+2.4375000000e+01 +1.0000000000e+00 +0.0000000000e+00 +2.3629702407e+01 +3.6262751101e-36 +1.7886982887e-35 +1.0000000000e+00 
+2.4450000000e+01 +1.0000000000e+00 +0.0000000000e+00 +2.3704702407e+01 +3.5966605168e-36 +1.7775297362e-35 +1.0000000000e+00 
+2.4525000000e+01 +1.0000000000e+00 +0.0000000000e+00 +2.3779702407e+01 +3.5673748026e-36 +1.7664650808e-35 +1.0000000000e+00 
+2.4600000000e+01 +1.0000000000e+00 +0.0000000000e+00 +2.3854702407e+01 +3.5384132928e-36 +1.7555031955e-35 +1.0000000000e+00 
+2.4675000000e+01 +1.0000000000e+00 +0.0000000000e+00 +2.3929702407e+01 +3.5097714585e-36 +1.7446427805e-35 +1.0000000000e+00 
+2.4750000000e+01 +1.0000000000e+00 +1.0195788231e-56 +2.4004702407e+01 +3.4814448938e-36 +1.7338824477e-35 +1.0000000000e+00 
+2.4825000000e+01 +1.0000000000e+00 +0.0000000000e+00 +2.4079702407e+01 +3.4534291036e-36 +1.7232212647e-35 +1.0000000000e+00 
+2.4900000000e+01 +1.0000000000e+00 +0.0000000000e+00 +2.4154702407e+01 +3.4257198726e-36 +1.7126577929e-35 +1.0000000000e+00 
+2.4975000000e+01 +1.0000000000e+00 -1.0195788231e-56 +2.4229702407e+01 +3.3983128849e-36 +1.7021910006e-35 +1.0000000000e+00 
+2.5050000000e+01 +1.0000000000e+00 +5.0978941156e-57 +2.4304702407e+01 +3.3712040262e-36 +1.6918195665e-35 +1.0000000000e+00 
+2.5125000000e+01 +1.0000000000e+00 +5.0978941156e-57 +2.4379702407e+01 +3.3443892048e-36 +1.6815423103e-35 +1.0000000000e+00 
+2.5200000000e+01 +1.0000000000e+00 -5.0978941156e-57 +2.4454702407e+01 +3.3178643176e-36 +1.6713583092e-35 +1.0000000000e+00 
+2.5275000000e+01 +1.0000000000e+00 +0.0000000000e+00 +2.4529702407e+01 +3.2916254411e-36 +1.6612663595e-35 +1.0000000000e+00 
+2.5350000000e+01 +1.0000000000e+00 +0.0000000000e+00 +2.4604702407e+01 +3.2656686739e-36 +1.6512653199e-35 +1.0000000000e+00 
+2.5425000000e+01 +1.0000000000e+00 +0.0000000000e+00 +2.4679702407e+01 +3.2399901822e-36 +1.6413541079e-35 +1.0000000000e+00 
+2.5500000000e+01 +1.0000000000e+00 +2.5489470578e-57 +2.4754702407e+01 +3.2145861881e-36 +1.6315316890e-35 +1.0000000000e+00 
+2.5575000000e+01 +1.0000000000e+00 +0.0000000000e+00 +2.4829702407e+01 +3.1894529921e-36 +1.6217969830e-35 +1.0000000000e+00 
+2.5650000000e+01 +1.0000000000e+00 +2.5489470578e-57 +2.4904702407e+01 +3.1645869397e-36 +1.6121489448e-35 +1.0000000000e+00 
+2.5725000000e+01 +1.0000000000e+00 +2.5489470578e-57 +2.4979702407e+01 +3.1399844210e-36 +1.6025866348e-35 +1.0000000000e+00 
+2.5800000000e+01 +1.0000000000e+00 +0.0000000000e+00 +2.5054702407e+01 +3.1156419273e-36 +1.5931089328e-35 +1.0000000000e+00 
+2.5875000000e+01 +1.0000000000e+00 +0.0000000000e+00 +2.5129702407e+01 +3.0915559609e-36 +1.5837149393e-35 +1.0000000000e+00 
+2.5950000000e+01 +1.0000000000e+00 +0.0000000000e+00 +2.5204702407e+01 +3.0677231250e-36 +1.5744036592e-35 +1.0000000000e+00 
+2.6025000000e+01 +1.0000000000e+00 +2.5489470578e-57 +2.5279702407e+01 +3.0441400566e-36 +1.5651740784e-35 +1.0000000000e+00 
+2.6100000000e+01 +1.0000000000e+00 -2.5489470578e-57 +2.5354702407e+01 +3.0208034373e-36 +1.5560252598e-35 +1.0000000000e+00 
+2.6175000000e+01 +1.0000000000e+00 +1.2744735289e-57 +2.5429702407e+01 +2.9977100274e-36 +1.5469562557e-35 +1.0000000000e+00 
+2.6250000000e+01 +1.0000000000e+00 +0.0000000000e+00 +2.5504702407e+01 +2.9748565983e-36 +1.5379662053e-35 +1.0000000000e+00 
+2.6325000000e+01 +1.0000000000e+00 +0.0000000000e+00 +2.5579702407e+01 +2.9522400110e-36 +1.5290541150e-35 +1.0000000000e+00 
+2.6400000000e+01 +1.0000000000e+00 -1.2744735289e-57 +2.5654702407e+01 +2.9298571379e-36 +1.5202191822e-35 +1.0000000000e+00 
+2.6475000000e+01 +1.0000000000e+00 +0.0000000000e+00 +2.5729702407e+01 +2.9077049633e-36 +1.5114604277e-35 +1.0000000000e+00 
+2.6550000000e+01 +1.0000000000e+00 +0.0000000000e+00 +2.5804702407e+01 +2.8857804494e-36 +1.5027770743e-35 +1.0000000000e+00 
+2.6625000000e+01 +1.0000000000e+00 +0.0000000000e+00 +2.5879702407e+01 +2.8640806588e-36 +1.4941681751e-35 +1.0000000000e+00 
+2.6700000000e+01 +1.0000000000e+00 +6.3723676445e-58 +2.5954702407e+01 +2.8426026658e-36 +1.4856329675e-35 +1.0000000000e+00 
+2.6775000000e+01 +1.0000000000e+00 +6.3723676445e-58 +2.6029702407e+01 +2.8213436228e-36 +1.4771705187e-35 +1.0000000000e+00 
+2.6850000000e+01 +1.0000000000e+00 +0.0000000000e+00 +2.6104702407e+01 +2.8003006825e-36 +1.4687800890e-35 +1.0000000000e+00 
+2.6925000000e+01 +1.0000000000e+00 +0.0000000000e+00 +2.6179702407e+01 +2.7794710535e-36 +1.4604609131e-35 +1.0000000000e+00 
+2.7000000000e+01 +1.0000000000e+00 +0.0000000000e+00 +2.6254702407e+01 +2.7588520788e-36 +1.4522119565e-35 +1.0000000000e+00 
+2.7075000000e+01 +1.0000000000e+00 +0.0000000000e+00 +2.6329702407e+01 +2.7384409784e-36 +1.4440326964e-35 +1.0000000000e+00 
+2.7150000000e+01 +1.0000000000e+00 -3.1861838223e-58 +2.6404702407e+01 +2.7182351626e-36 +1.4359221726e-35 +1.0000000000e+00 
+2.7225000000e+01 +1.0000000000e+00 -6.3723676445e-58 +2.6479702407e+01 +2.6982319521e-36 +1.4278797935e-35 +1.0000000000e+00 
+2.7300000000e+01 +1.0000000000e+00 +0.0000000000e+00 +2.6554702407e+01 +2.6784288695e-36 +1.4199046020e-35 +1.0000000000e+00 
+2.7375000000e+01 +1.0000000000e+00 +0.0000000000e+00 +2.6629702407e+01 +2.6588233251e-36 +1.4119959959e-35 +1.0000000000e+00 
+2.7450000000e+01 +1.0000000000e+00 -3.1861838223e-58 +2.6704702407e+01 +2.6394128414e-36 +1.4041531512e-35 +1.0000000000e+00 
+2.7525000000e+01 +1.0000000000e+00 +0.0000000000e+00 +2.6779702407e+01 +2.6201949634e-36 +1.3963754017e-35 +1.0000000000e+00 
+2.7600000000e+01 +1.0000000000e+00 +0.0000000000e+00 +2.6854702407e+01 +2.6011672809e-36 +1.3886619807e-35 +1.0000000000e+00 
+2.7675000000e+01 +1.0000000000e+00 +1.5930919111e-58 +2.6929702407e+01 +2.5823273948e-36 +1.3810122533e-35 +1.0000000000e+00 
+2.7750000000e+01 +1.0000000000e+00 +0.0000000000e+00 +2.7004702407e+01 +2.5636729845e-36 +1.3734254624e-35 +1.0000000000e+00 
+2.7825000000e+01 +1.0000000000e+00 +1.5930919111e-58 +2.7079702407e+01 +2.5452017408e-36 +1.3659009262e-35 +1.0000000000e+00 
+2.7900000000e+01 +1.0000000000e+00 -1.5930919111e-58 +2.7154702407e+01 +2.5269113542e-36 +1.3584380861e-35 +1.0000000000e+00 
+2.7975000000e+01 +1.0000000000e+00 +0.0000000000e+00 +2.7229702407e+01 +2.5087996725e-36 +1.3510359893e-35 +1.0000000000e+00 
+2.8050000000e+01 +1.0000000000e+00 +1.5930919111e-58 +2.7304702407e+01 +2.4908643974e-36 +1.3436942353e-35 +1.0000000000e+00 
+2.8125000000e+01 +1.0000000000e+00 +0.0000000000e+00 +2.7379702407e+01 +2.4731033878e-36 +1.3364120987e-35 +1.0000000000e+00 
+2.8200000000e+01 +1.0000000000e+00 +7.9654595557e-59 +2.7454702407e+01 +2.4555145080e-36 +1.3291889389e-35 +1.0000000000e+00 
+2.8275000000e+01 +1.0000000000e+00 +0.0000000000e+00 +2.7529702407e+01 +2.4380956507e-36 +1.3220241021e-35 +1.0000000000e+00 
+2.8350000000e+01 +1.0000000000e+00 +7.9654595557e-59 +2.7604702407e+01 +2.4208447473e-36 +1.3149169612e-35 +1.0000000000e+00 
+2.8425000000e+01 +1.0000000000e+00 +0.0000000000e+00 +2.7679702407e+01 +2.4037597409e-36 +1.3078668842e-35 +1.0000000000e+00 
+2.8500000000e+01 +1.0000000000e+00 +0.0000000000e+00 +2.7754702407e+01 +2.3868386079e-36 +1.3008732973e-35 +1.0000000000e+00 
+2.8575000000e+01 +1.0000000000e+00 +0.0000000000e+00 +2.7829702407e+01 +2.3700793529e-36 +1.2939356271e-35 +1.0000000000e+00 
+2.8650000000e+01 +1.0000000000e+00 +0.0000000000e+00 +2.7904702407e+01 +2.3534800366e-36 +1.2870532397e-35 +1.0000000000e+00 
+2.8725000000e+01 +1.0000000000e+00 +7.9654595557e-59 +2.7979702407e+01 +2.3370387362e-36 +1.2802255303e-35 +1.0000000000e+00 
+2.8800000000e+01 +1.0000000000e+00 +3.9827297778e-59 +2.8054702407e+01 +2.3207535293e-36 +1.2734519517e-35 +1.0000000000e+00 
+2.8875000000e+01 +1.0000000000e+00 +0.0000000000e+00 +2.8129702407e+01 +2.3046225437e-36 +1.2667319442e-35 +1.0000000000e+00 
+2.8950000000e+01 +1.0000000000e+00 +3.9827297778e-59 +2.8204702407e+01 +2.2886439521e-36 +1.2600649317e-35 +1.0000000000e+00 
+2.9025000000e+01 +1.0000000000e+00 -3.9827297778e-59 +2.8279702407e+01 +2.2728159272e-36 +1.2534503210e-35 +1.0000000000e+00 
+2.9100000000e+01 +1.0000000000e+00 +0.0000000000e+00 +2.8354702407e+01 +2.2571366697e-36 +1.2468876379e-35 +1.0000000000e+00 
+2.9175000000e+01 +1.0000000000e+00 +3.9827297778e-59 +2.8429702407e+01 +2.2416044141e-36 +1.2403762948e-35 +1.0000000000e+00 
+2.9250000000e+01 +1.0000000000e+00 -3.9827297778e-59 +2.8504702407e+01 +2.2262174115e-36 +1.2339157808e-35 +1.0000000000e+00 
+2.9325000000e+01 +1.0000000000e+00 +1.9913648889e-59 +2.8579702407e+01 +2.2109739747e-36 +1.2275054972e-35 +1.0000000000e+00 
+2.9400000000e+01 +1.0000000000e+00 -1.9913648889e-59 +2.8654702407e+01 +2.1958723661e-36 +1.2211450584e-35 +1.0000000000e+00 
+2.9475000000e+01 +1.0000000000e+00 +1.9913648889e-59 +2.8729702407e+01 +2.1809109602e-36 +1.2148337909e-35 +1.0000000000e+00 
+2.9550000000e+01 +1.0000000000e+00 +0.0000000000e+00 +2.8804702407e+01 +2.1660880643e-36 +1.2085713713e-35 +1.0000000000e+00 
+2.9625000000e+01 +1.0000000000e+00 +0.0000000000e+00 +2.8879702407e+01 +2.1514020977e-36 +1.2023571674e-35 +1.0000000000e+00 
+2.9700000000e+01 +1.0000000000e+00 +0.0000000000e+00 +2.8954702407e+01 +2.1368514684e-36 +1.1961906807e-35 +1.0000000000e+00 
+2.9775000000e+01 +1.0000000000e+00 +0.0000000000e+00 +2.9029702407e+01 +2.1224345623e-36 +1.1900715076e-35 +1.0000000000e+00 
+2.9850000000e+01 +1.0000000000e+00 +1.9913648889e-59 +2.9104702407e+01 +2.1081498603e-36 +1.1839990514e-35 +1.0000000000e+00 
+2.9925000000e+01 +1.0000000000e+00 +0.0000000000e+00 +2.9179702407e+01 +2.0939957873e-36 +1.1779729964e-35 +1.0000000000e+00 
+3.0000000000e+01 +1.0000000000e+00 +0.0000000000e+00 +2.9254702407e+01 +2.0799708636e-36 +1.1719927773e-35 +1.0000000000e+00 
