+0.0000000000e+00 +0.0000000000e+00 +4.7087725487e-01 -9.0331743705e-28 +4.7087725487e-01 +4.2535163503e-28 +0.0000000000e+00 
+3.3609542370e-02 +1.5825933683e-02 +4.7087515041e-01 +2.6595119434e-04 +4.7087515041e-01 -1.2522980863e-04 +1.5825933683e-02 
+7.4423862701e-02 +3.5044075038e-02 +4.7086006402e-01 +1.3040636099e-03 +4.7086006402e-01 -6.1403147486e-04 +3.5044075038e-02 
+1.2325332996e-01 +5.8034551355e-02 +4.7080396017e-01 +3.5765534798e-03 +4.7080396017e-01 -1.6838555420e-03 +5.8034551355e-02 
+1.8092937346e-01 +8.5184243971e-02 +4.7065079173e-01 +7.7067002150e-03 +4.7065079173e-01 -3.6271645578e-03 +8.5184243971e-02 
+2.4830346550e-01 +1.1688205019e-01 +4.7029862250e-01 +1.4513716765e-02 +4.7029862250e-01 -6.8257810017e-03 +1.1688205019e-01 
+3.2624621863e-01 +1.5351018112e-01 +4.6957402666e-01 +2.5051274231e-02 +4.6957402666e-01 -1.1763427714e-02 +1.5351018112e-01 
+4.1564657841e-01 +1.9542871467e-01 +4.6819699906e-01 +4.0648905643e-02 +4.6819699906e-01 -1.9031695637e-02 +1.9542871467e-01 
+5.1741109622e-01 +2.4294930225e-01 +4.6573535006e-01 +6.2954569399e-02 +4.6573535006e-01 -2.9320168417e-02 +2.4294930225e-01 
+6.3246327027e-01 +2.9629238823e-01 +4.6154979540e-01 +9.3975033813e-02 +4.6154979540e-01 -4.3374157629e-02 +2.9629238823e-01 
+7.6174294501e-01 +3.5552095606e-01 +4.5473604690e-01 +1.3610814238e-01 +4.5473604690e-01 -6.1893278618e-02 +3.5552095606e-01 
+9.0620576115e-01 +4.2044371214e-01 +4.4408010272e-01 +1.9215716298e-01 +4.4408010272e-01 -8.5333172675e-02 +4.2044371214e-01 
+1.0668226497e+00 +4.9048388533e-01 +4.2805948107e-01 +2.6531234120e-01 +4.2805948107e-01 -1.1356946310e-01 +4.9048388533e-01 
+1.2445793649e+00 +5.6452001837e-01 +4.0494570771e-01 +3.5907935542e-01 +4.0494570771e-01 -1.4540764370e-01 +5.6452001837e-01 
+1.4404760509e+00 +6.4072667061e-01 +3.7308330149e-01 +4.7713127147e-01 +3.7308330149e-01 -1.7800971001e-01 +6.4072667061e-01 
+1.6555268390e+00 +7.1647788011e-01 +3.3141269382e-01 +6.2306522561e-01 +3.3141269382e-01 -2.0649172484e-01 +7.1647788011e-01 
+1.8907594723e+00 +7.8841631202e-01 +2.8022380327e-01 +8.0006533741e-01 +2.8022380327e-01 -2.2419735171e-01 +7.8841631202e-01 
+2.1472149538e+00 +8.5280660162e-01 +2.2193188641e-01 +1.0105156437e+00 +2.2193188641e-01 -2.2426564305e-01 +8.5280660162e-01 
+2.4259472172e+00 +9.0622987144e-01 +1.6139847631e-01 +1.2556657525e+00 +1.6139847631e-01 -2.0266253921e-01 +9.0622987144e-01 
+2.7280228169e+00 +9.4649673816e-01 +1.0520277691e-01 +1.5354975033e+00 +1.0520277691e-01 -1.6153860128e-01 +9.4649673816e-01 
+3.0545206360e+00 +9.7341030800e-01 +5.9659395320e-02 +1.8489202350e+00 +5.9659395320e-02 -1.1030546322e-01 +9.7341030800e-01 
+3.4065316108e+00 +9.8889971722e-01 +2.8345867755e-02 +2.1942975675e+00 +2.8345867755e-02 -6.2199268665e-02 +9.8889971722e-01 
+3.7851584704e+00 +9.9629642507e-01 +1.0725358484e-02 +2.5701218580e+00 +1.0725358484e-02 -2.7565478274e-02 +9.9629642507e-01 
+4.1915154891e+00 +9.9908418337e-01 +2.9953756074e-03 +2.9755403156e+00 +2.9953756074e-03 -8.9128608802e-03 +9.9908418337e-01 
+4.6267282524e+00 +9.9985336397e-01 +5.3935803635e-04 +3.4105218824e+00 +5.3935803635e-04 -1.8394923854e-03 +9.9985336397e-01 
+5.0919334338e+00 +9.9998918334e-01 +4.4553649507e-05 +3.8756904399e+00 +4.4553649507e-05 -1.7267615346e-04 +9.9998918334e-01 
+5.5882785828e+00 +1.0000001123e+00 -5.1588853102e-07 +4.3720329324e+00 -5.1588853102e-07 +2.2554816471e-06 +1.0000001123e+00 
+6.1169219223e+00 +9.9999998976e-01 +5.2270393583e-08 +4.9006762988e+00 +5.2270393583e-08 -2.5616027896e-07 +9.9999998976e-01 
+6.6790321554e+00 +1.0000000017e+00 -9.7110284043e-09 +5.4627865296e+00 -9.7110284043e-09 +5.3049275156e-08 +1.0000000017e+00 
+7.2757882810e+00 +9.9999999959e-01 +2.5679536855e-09 +6.0595426556e+00 +2.5679536855e-09 -1.5560624895e-08 +9.9999999959e-01 
+7.9083794166e+00 +1.0000000001e+00 -8.6543319364e-10 +6.6921337911e+00 -8.6543319364e-10 +5.7915947191e-09 +1.0000000001e+00 
+8.5780046293e+00 +9.9999999995e-01 +3.4917432709e-10 +7.3617590038e+00 +3.4917432709e-10 -2.5705372464e-09 +9.9999999995e-01 
+9.2858727730e+00 +1.0000000000e+00 -1.6199197509e-10 +8.0696271475e+00 -1.6199197509e-10 +1.3072148399e-09 +1.0000000000e+00 
+1.0033202333e+01 +9.9999999999e-01 +8.4016763234e-11 +8.8169567073e+00 +8.4016763234e-11 -7.4077216413e-10 +9.9999999999e-01 
+1.0821221275e+01 +1.0000000000e+00 -4.7718215041e-11 +9.6049756494e+00 -4.7718215041e-11 +4.5833229350e-10 +1.0000000000e+00 
+1.1651166902e+01 +1.0000000000e+00 +2.9215633565e-11 +1.0434921277e+01 +2.9215633565e-11 -3.0486283630e-10 +1.0000000000e+00 
+1.2524285716e+01 +1.0000000000e+00 -1.9046683411e-11 +1.1308040090e+01 -1.9046683411e-11 +2.1538065960e-10 +1.0000000000e+00 
+1.3441833281e+01 +1.0000000000e+00 +1.3093018714e-11 +1.2225587655e+01 +1.3093018714e-11 -1.6006984796e-10 +1.0000000000e+00 
+1.4405074098e+01 +1.0000000000e+00 -9.4152306780e-12 +1.3188828473e+01 -9.4152306780e-12 +1.2417586244e-10 +1.0000000000e+00 
+1.5415281479e+01 +1.0000000000e+00 +7.0367028709e-12 +1.4199035853e+01 +7.0367028709e-12 -9.9914396351e-11 +1.0000000000e+00 
+1.6473737424e+01 +1.0000000000e+00 -5.4364719328e-12 +1.5257491799e+01 -5.4364719328e-12 +8.2946925928e-11 +1.0000000000e+00 
+1.7581732510e+01 +1.0000000000e+00 +4.3223867212e-12 +1.6365486885e+01 +4.3223867212e-12 -7.0737963197e-11 +1.0000000000e+00 
+1.8740565775e+01 +1.0000000000e+00 -3.5232883257e-12 +1.7524320149e+01 -3.5232883257e-12 +6.1743232597e-11 +1.0000000000e+00 
+1.9951544608e+01 +1.0000000000e+00 +2.9349659807e-12 +1.8735298982e+01 +2.9349659807e-12 -5.4987465151e-11 +1.0000000000e+00 
+2.1215984647e+01 +1.0000000000e+00 -2.4917693912e-12 +1.9999739021e+01 -2.4917693912e-12 +4.9834737525e-11 +1.0000000000e+00 
+2.2535209675e+01 +1.0000000000e+00 +2.1510650807e-12 +2.1318964049e+01 +2.1510650807e-12 -4.5858479122e-11 +1.0000000000e+00 
+2.3910551522e+01 +1.0000000000e+00 -1.8844039493e-12 +2.2694305896e+01 -1.8844039493e-12 +4.2765239658e-11 +1.0000000000e+00 
+2.5343349967e+01 +1.0000000000e+00 +1.6723325550e-12 +2.4127104341e+01 +1.6723325550e-12 -4.0348542047e-11 +1.0000000000e+00 
+2.6834952646e+01 +1.0000000000e+00 -1.5012520967e-12 +2.5618707021e+01 -1.5012520967e-12 +3.8460137631e-11 +1.0000000000e+00 
+2.8386714964e+01 +1.0000000000e+00 +1.3614646162e-12 +2.7170469338e+01 +1.3614646162e-12 -3.6991632609e-11 +1.0000000000e+00 
+3.0000000000e+01 +0.0000000000e+00 +0.0000000000e+00 +0.0000000000e+00 +0.0000000000e+00 +0.0000000000e+00 +0.0000000000e+00 
