+1.0068561486e+00 +5.9464231762e-01 
+1.0016781473e+00 +5.9215653345e-01 
+9.9644699070e-01 +5.8964131188e-01 
+9.7997569209e-01 +5.8169576285e-01 
+9.6316233236e-01 +5.7354429071e-01 
+9.4600775541e-01 +5.6518423097e-01 
+9.2851357601e-01 +5.5661314386e-01 
+9.1068221206e-01 +5.4782882740e-01 
+8.9251691341e-01 +5.3882932933e-01 
+8.7402178691e-01 +5.2961295787e-01 
+8.5520181778e-01 +5.2017829139e-01 
+8.3606288805e-01 +5.1052418755e-01 
+8.1661179293e-01 +5.0064979246e-01 
+7.9685625664e-01 +4.9055455084e-01 
+7.7680494961e-01 +4.8023821827e-01 
+7.5646750928e-01 +4.6970087709e-01 
+7.3585456729e-01 +4.5894295757e-01 
+7.1497778621e-01 +4.4796526660e-01 
+6.9384990908e-01 +4.3676902606e-01 
+6.7248482561e-01 +4.2535592381e-01 
+6.5089765840e-01 +4.1372817996e-01 
+6.2910487301e-01 +4.0188863181e-01 
+6.0712441494e-01 +3.8984084057e-01 
+5.8497587593e-01 +3.7758922321e-01 
+5.6268069111e-01 +3.6513921235e-01 
+5.4026236664e-01 +3.5249744685e-01 
+5.1774673364e-01 +3.3967199332e-01 
+4.9516225806e-01 +3.2667262130e-01 
+4.7254032385e-01 +3.1351108749e-01 
+4.4991541911e-01 +3.0020135977e-01 
+4.2732584184e-01 +2.8676026219e-01 
+4.0481365103e-01 +2.7320759746e-01 
+3.8242523595e-01 +2.5956675739e-01 
+3.6021167749e-01 +2.4586522486e-01 
+3.3822918450e-01 +2.3213517567e-01 
+3.1653957358e-01 +2.1841416256e-01 
+2.9521077568e-01 +2.0474587369e-01 
+2.7431731709e-01 +1.9118093030e-01 
+2.5394066482e-01 +1.7777764028e-01 
+2.3416924538e-01 +1.6460255247e-01 
+2.1509784513e-01 +1.5173056068e-01 
+1.9682599920e-01 +1.3924419846e-01 
+1.7945491898e-01 +1.2723168298e-01 
+1.6308258127e-01 +1.1578328322e-01 
+1.4779691649e-01 +1.0498581159e-01 
+1.3366765770e-01 +9.4915553094e-02 
+1.2073825543e-01 +8.5630703586e-02 
+1.0901980797e-01 +7.7164986270e-02 
+9.8489109927e-02 +6.9524373225e-02 
+8.9091490859e-02 +6.2687817917e-02 
+8.0747781727e-02 +5.6611744739e-02 
+7.3363379731e-02 +5.1236798517e-02 
+6.6837189681e-02 +4.6495016813e-02 
+6.1068880863e-02 +4.2316007949e-02 
+5.5963853032e-02 +3.8631464159e-02 
+5.1436045079e-02 +3.5377973516e-02 
+4.7409080407e-02 +3.2498441782e-02 
+4.3816304742e-02 +2.9942533900e-02 
+4.0600181013e-02 +2.7666503180e-02 
+3.7711372349e-02 +2.5632684988e-02 
+3.5107723863e-02 +2.3808840665e-02 
+3.2753264328e-02 +2.2167465667e-02 
+3.0617289400e-02 +2.0685125777e-02 
+2.8673551621e-02 +1.9341852987e-02 
+2.6899561774e-02 +1.8120613202e-02 
+2.5275995404e-02 +1.7006846869e-02 
+2.3786193487e-02 +1.5988077962e-02 
+2.2415744744e-02 +1.5053584118e-02 
+2.1152137338e-02 +1.4194119989e-02 
+1.9984468793e-02 +1.3401686050e-02 
+1.8903204371e-02 +1.2669335751e-02 
+1.7899975571e-02 +1.1991014767e-02 
+1.6967411788e-02 +1.1361426952e-02 
+1.6098999313e-02 +1.0775922446e-02 
+1.5288962902e-02 +1.0230404132e-02 
+1.4532165990e-02 +9.7212492429e-03 
+1.3824026328e-02 +9.2452435286e-03 
+1.3160444410e-02 +8.7995257936e-03 
+1.2537742533e-02 +8.3815410422e-03 
+1.1952612725e-02 +7.9890007610e-03 
+1.1402072076e-02 +7.6198491373e-03 
+1.0883424301e-02 +7.2722342254e-03 
+1.0394226519e-02 +6.9444832455e-03 
+9.9322604635e-03 +6.6350813446e-03 
+9.4955074179e-03 +6.3426532634e-03 
+9.0821263346e-03 +6.0659474507e-03 
+8.6904346511e-03 +5.8038222424e-03 
+8.3188914102e-03 +5.5552337865e-03 
+7.9660823481e-03 +5.3192254464e-03 
+7.6307066618e-03 +5.0949184576e-03 
+7.3115652097e-03 +4.8815036441e-03 
+7.0075499292e-03 +4.6782340309e-03 
+6.7176342807e-03 +4.4844182067e-03 
+6.4408645442e-03 +4.2994143073e-03 
+6.1763518069e-03 +4.1226245021e-03 
+5.9232644872e-03 +3.9534898702e-03 
+5.6808212614e-03 +3.7914855728e-03 
+5.4482843460e-03 +3.6361162822e-03 
+5.2249534925e-03 +3.4869121038e-03 
+5.0101626347e-03 +3.3434262834e-03 
+4.8032867248e-03 +3.2052397290e-03 
+4.6037838339e-03 +3.0719890905e-03 
+4.4113453089e-03 +2.9434669948e-03 
+4.2263338317e-03 +2.8199145005e-03 
+4.0508710514e-03 +2.7027471799e-03 
+3.8911446189e-03 +2.5960951320e-03 
+3.7617179949e-03 +2.5096797614e-03 
+3.6932750196e-03 +2.4639836512e-03 
+3.7463892655e-03 +2.4994453418e-03 
+4.0240372484e-03 +2.6848291156e-03 
+4.6035691590e-03 +3.0718448103e-03 
+5.3211628927e-03 +3.5511829236e-03 
+5.7853726891e-03 +3.8613386967e-03 
+5.7805416858e-03 +3.8581106240e-03 
+5.5063051528e-03 +3.6748764395e-03 
+5.1740327824e-03 +3.4528918043e-03 
+4.8569680402e-03 +3.2410944833e-03 
+4.5700498153e-03 +3.0494578957e-03 
+4.3126197099e-03 +2.8775354457e-03 
+4.0807763262e-03 +2.7227159292e-03 
+3.8705224500e-03 +2.5823257123e-03 
+3.6784541782e-03 +2.4540885960e-03 
+3.5018112186e-03 +2.3361590465e-03 
+3.3383794963e-03 +2.2270568898e-03 
+3.1863783309e-03 +2.1255917867e-03 
+3.0443643064e-03 +2.0307989161e-03 
+2.9111559955e-03 +1.9418886224e-03 
+2.7857766068e-03 +1.8582080594e-03 
+2.6674105621e-03 +1.7792121533e-03 
+2.5553705246e-03 +1.7044415557e-03 
+2.4490721867e-03 +1.6335057868e-03 
+2.3480148195e-03 +1.5660702319e-03 
+2.2517661233e-03 +1.5018460136e-03 
+2.1599503137e-03 +1.4405820270e-03 
+2.0722386632e-03 +1.3820586173e-03 
+1.9883419235e-03 +1.3260825146e-03 
+1.9080042020e-03 +1.2724827412e-03 
+1.8309979729e-03 +1.2211072761e-03 
+1.7571199804e-03 +1.1718203177e-03 
+1.6861878508e-03 +1.1245000189e-03 
+1.6180372700e-03 +1.0790366012e-03 
+1.5525196187e-03 +1.0353307738e-03 
+1.4894999772e-03 +9.9329240028e-04 
+1.4288554324e-03 +9.5283936758e-04 
+1.3704736347e-03 +9.1389662110e-04 
+1.3142515599e-03 +8.7639533753e-04 
+1.2600944421e-03 +8.4027221192e-04 
+1.2079148505e-03 +8.0546884058e-04 
+1.1576318861e-03 +7.7193118437e-04 
+1.1091704801e-03 +7.3960909996e-04 
+1.0624607793e-03 +7.0845592891e-04 
+1.0174376040e-03 +6.7842813590e-04 
+9.7403997053e-04 +6.4948498925e-04 
+9.3221066678e-04 +6.2158827769e-04 
+8.9189587582e-04 +5.9470205864e-04 
+8.5304483964e-04 +5.6879243366e-04 
+8.1560955886e-04 +5.4382734781e-04 
+7.7954452347e-04 +5.1977640978e-04 
+7.4480647124e-04 +4.9661073046e-04 
+7.1135417021e-04 +4.7430277767e-04 
+6.7914822302e-04 +4.5282624539e-04 
+6.4815089033e-04 +4.3215593585e-04 
+6.1832593170e-04 +4.1226765321e-04 
+5.8963846205e-04 +3.9313810765e-04 
+5.6205482223e-04 +3.7474482893e-04 
+5.3554246259e-04 +3.5706608862e-04 
+5.1006983831e-04 +3.4008083009e-04 
+4.8560631555e-04 +3.2376860594e-04 
+4.6212208771e-04 +3.0810952194e-04 
+4.3958810093e-04 +2.9308418727e-04 
+4.1797598817e-04 +2.7867367054e-04 
+3.9725801141e-04 +2.6485946106e-04 
+3.7740701125e-04 +2.5162343521e-04 
+3.5839636356e-04 +2.3894782745e-04 
+3.4019994257e-04 +2.2681520562e-04 
+3.2279209006e-04 +2.1520845034e-04 
+3.0614759016e-04 +2.0411073815e-04 
+2.9024164933e-04 +1.9350552807e-04 
+2.7504988111e-04 +1.8337655142e-04 
+2.6054829527e-04 +1.7370780448e-04 
+2.4671329087e-04 +1.6448354383e-04 
+2.3352165287e-04 +1.5568828408e-04 
+2.2095055187e-04 +1.4730679758e-04 
+2.0897754660e-04 +1.3932411607e-04 
+1.9758058868e-04 +1.3172553385e-04 
+1.8673802939e-04 +1.2449661216e-04 
+1.7642862792e-04 +1.1762318472e-04 
+1.6663156081e-04 +1.1109136399e-04 
+1.5732643229e-04 +1.0488754795e-04 
+1.4849328495e-04 +9.8998427282e-05 
+1.4011261076e-04 +9.3410992602e-05 
+1.3216536181e-04 +8.8112541645e-05 
+1.2463296074e-04 +8.3090686182e-05 
+1.1749731056e-04 +7.8333358517e-05 
+1.1074080358e-04 +7.3828817436e-05 
+1.0434632934e-04 +6.9565653476e-05 
+9.8297281418e-05 +6.5532793423e-05 
+9.2577562890e-05 +6.1719503956e-05 
+8.7171590494e-05 +5.8115394386e-05 
+8.2064297313e-05 +5.4710418435e-05 
+7.7241134022e-05 +5.1494875052e-05 
+7.2688068655e-05 +4.8459408240e-05 
+6.8391584922e-05 +4.5595005925e-05 
+6.4338679099e-05 +4.2892997866e-05 
+6.0516855555e-05 +4.0345052662e-05 
+5.6914120966e-05 +3.7943173887e-05 
+5.3518977318e-05 +3.5679695412e-05 
+5.0320413763e-05 +3.3547275968e-05 
+4.7307897443e-05 +3.1538893023e-05 
+4.4471363382e-05 +2.9647836032e-05 
+4.1801203539e-05 +2.7867699133e-05 
+3.9288255140e-05 +2.6192373365e-05 
+3.6923788393e-05 +2.4616038470e-05 
+3.4699493685e-05 +2.3133154351e-05 
+3.2607468361e-05 +2.1738452259e-05 
+3.0640203192e-05 +2.0426925760e-05 
+2.8790568604e-05 +1.9193821559e-05 
+2.7051800776e-05 +1.8034630220e-05 
+2.5417487665e-05 +1.6945076853e-05 
+2.3881555043e-05 +1.5921111800e-05 
+2.2438252610e-05 +1.4958901375e-05 
+2.1082140242e-05 +1.4054818690e-05 
+1.9808074416e-05 +1.3205434613e-05 
+1.8611194886e-05 +1.2407508871e-05 
+1.7486911612e-05 +1.1657981343e-05 
+1.6430892010e-05 +1.0953963559e-05 
+1.5439048534e-05 +1.0292730412e-05 
+1.4507526616e-05 +9.6717121265e-06 
+1.3632692984e-05 +9.0884864634e-06 
+1.2811124376e-05 +8.5407711969e-06 
+1.2039596651e-05 +8.0264168557e-06 
+1.1315074318e-05 +7.5433997384e-06 
+1.0634700466e-05 +7.0898152042e-06 
+9.9957871222e-06 +6.6638712389e-06 
+9.3958060076e-06 +6.2638822970e-06 
+8.8323797120e-06 +5.8882634142e-06 
+8.3032732637e-06 +5.5355245881e-06 
+7.8063860966e-06 +5.2042654225e-06 
+7.3397444015e-06 +4.8931700284e-06 
+6.9014938537e-06 +4.6010021747e-06 
+6.4898927049e-06 +4.3266006829e-06 
+6.1033052268e-06 +4.0688750565e-06 
+5.7401954989e-06 +3.8268013382e-06 
+5.3991215207e-06 +3.5994181857e-06 
+5.0787296425e-06 +3.3858231582e-06 
+4.7777492989e-06 +3.1851692051e-06 
+4.4949880306e-06 +2.9966613477e-06 
+4.2293267857e-06 +2.8195535459e-06 
+3.9797154842e-06 +2.6531457417e-06 
+3.7451688358e-06 +2.4967810709e-06 
+3.5247623970e-06 +2.3498432340e-06 
+3.3176288569e-06 +2.2117540206e-06 
+3.1229545395e-06 +2.0819709773e-06 
+2.9399761117e-06 +1.9599852126e-06 
+2.7679774861e-06 +1.8453193330e-06 
+2.6062869080e-06 +1.7375254998e-06 
+2.4542742166e-06 +1.6361836042e-06 
+2.3113482709e-06 +1.5408995507e-06 
+2.1769545321e-06 +1.4513036454e-06 
+2.0505727917e-06 +1.3670490814e-06 
+1.9317150385e-06 +1.2878105170e-06 
+1.8199234563e-06 +1.2132827403e-06 
+1.7147685441e-06 +1.1431794165e-06 
+1.6158473525e-06 +1.0772319121e-06 
+1.5227818286e-06 +1.0151881911e-06 
+1.4352172638e-06 +9.5681178038e-07 
